
   [Parameters]
sig_deltaPhi_mean =  32.787 +/- 1.0373 C L(0 - 180) 
sig_deltaPhi_sigma =  23.759 +/- 1.4998 C L(5 - 100) 
sig_deltaPhi_alpha =  0.000000017749 +/- 0.029175 C L(0 - 40) 
sig_deltaPhi_alphaCB =  0.47829 +/- 0.036616 C L(0 - 40) 
sig_deltaPhi_nCB =  100.00 +/- 32.886 C L(0 - 100) 
WW_deltaPhi_mean =  147.00 +/- 18.950 C L(0 - 180) 
WW_deltaPhi_sigmaL =  95.256 +/- 14.540 C L(3 - 150) 
WW_deltaPhi_sigmaR =  13.533 +/- 28.369 C L(3 - 50) 
WW_deltaPhi_alphaL =  0.0000015018 +/- 0.015721 C L(0 - 30) 
WW_deltaPhi_alphaR =  1.4110 +/- 1.0462 C L(0 - 30) 
ttbar_deltaPhi_p1 =  0.015939 +/- 0.00061351 L(-100 - 100) 
ttbar_deltaPhi_p2 = -0.0000458946 +/- 0.0000028205 L(-100 - 100) 
other_deltaPhi_mean =  100.00 C L(0 - 180) 
other_deltaPhi_sigma =  50.000 C L(5 - 100) 
sig_minPt_mean =  26.363 +/- 0.18507 C L(10 - 50) 
sig_minPt_sigmaL =  9.9070 +/- 0.53376 C L(0 - 50) 
sig_minPt_sigmaR =  9.5565 +/- 0.12204 C L(0 - 50) 
sig_minPt_alphaL =  0.77715 +/- 0.11545 C L(0 - 10) 
sig_minPt_alphaR =  0.12134 +/- 0.0027223 C L(0 - 10) 
WW_minPt_mean =  17.957 +/- 13.436 C L(10 - 50) 
WW_minPt_sigmaL =  5.0000 +/- 10.343 C L(5 - 50) 
WW_minPt_sigmaR =  18.088 +/- 18.464 C L(3 - 50) 
WW_minPt_alphaL =  0.72953 +/- 1.8391 C L(0 - 10) 
WW_minPt_alphaR =  0.074277 +/- 2.2643 C L(0 - 10) 
ttbar_minPt_mean =  10.000 +/- 0.56883 L(10 - 50) 
ttbar_minPt_sigmaL =  28.266 +/- 19.719 L(3 - 50) 
ttbar_minPt_sigmaR =  21.732 +/- 0.017718 L(3 - 50) 
ttbar_minPt_alphaL =  9.9663 +/- 2.4614 L(0 - 10) 
ttbar_minPt_alphaR =  0.053102 +/- 0.0037223 L(0 - 10) 
other_minPt_mean =  20.000 C L(10 - 50) 
other_minPt_sigmaL =  10.000 C L(3 - 50) 
other_minPt_sigmaR =  10.000 C L(3 - 50) 
other_minPt_alphaL =  0.30000 C L(0 - 10) 
other_minPt_alphaR =  0.30000 C L(0 - 10) 
sig_MET_bin1 =  0.14650 +/- 0.0033280 C L(0 - 1) 
sig_MET_bin2 =  0.24690 +/- 0.0043928 C L(0 - 1) 
sig_MET_bin3 =  0.37023 +/- 0.0056684 C L(0 - 1) 
sig_MET_bin4 =  0.51490 +/- 0.0073928 C L(0 - 1) 
sig_MET_bin5 =  0.54934 +/- 0.010567 C L(0 - 1) 
sig_MET_bin6 =  0.63093 +/- 0.015265 C L(0 - 1) 
sig_MET_bin7 =  0.82156 +/- 0.019931 C L(0 - 1) 
WW_MET_bin1 =  0.26265 +/- 0.0070894 C L(0 - 1) 
WW_MET_bin2 =  0.33087 +/- 0.0088272 C L(0 - 1) 
WW_MET_bin3 =  0.42504 +/- 0.011337 C L(0 - 1) 
WW_MET_bin4 =  0.46478 +/- 0.015084 C L(0 - 1) 
WW_MET_bin5 =  0.44957 +/- 0.020561 C L(0 - 1) 
WW_MET_bin6 =  0.61180 +/- 0.027144 C L(0 - 1) 
WW_MET_bin7 =  0.80798 +/- 0.035182 C L(0 - 1) 
ttbar_MET_bin1 =  0.17041 +/- 0.0041887 L(0 - 1) 
ttbar_MET_bin2 =  0.23128 +/- 0.0051572 L(0 - 1) 
ttbar_MET_bin3 =  0.25981 +/- 0.0061176 L(0 - 1) 
ttbar_MET_bin4 =  0.29743 +/- 0.0074124 L(0 - 1) 
ttbar_MET_bin5 =  0.33310 +/- 0.0091175 L(0 - 1) 
ttbar_MET_bin6 =  0.56122 +/- 0.011754 L(0 - 1) 
ttbar_MET_bin7 =  0.87856 +/- 0.011677 L(0 - 1) 
other_MET_bin1 =  0.10000 C L(0 - 1) 
other_MET_bin2 =  0.10000 C L(0 - 1) 
other_MET_bin3 =  0.10000 C L(0 - 1) 
other_MET_bin4 =  0.10000 C L(0 - 1) 
other_MET_bin5 =  0.10000 C L(0 - 1) 
other_MET_bin6 =  0.10000 C L(0 - 1) 
other_MET_bin7 =  0.10000 C L(0 - 1) 
Nj_0_p1 =  1.0000 C L(-2 - 2) 
Nj_0_p2 =  0.0000 C L(-2 - 2) 
Nj_1_p1 = -1.000000 C L(-2 - 2) 
Nj_1_p2 =  0.0000 C L(-2 - 2) 
N_ttbar =  8057.1 +/- 89.755 L(-500 - 10000) 
eff_ttbar =  0.043071 +/- 0.0022617 L(0 - 1) 
N_WW =  0.0000 +/- 62.073 C L(-100 - 900000) 
eff_WW =  0.74386 +/- 0.0070317 C L(0 - 1) 
N_sig =  0.0000 +/- 85.901 C L(-100 - 900000) 
eff_sig =  0.27923 +/- 0.24210 C L(0 - 1) 
N_other =  0.0000 +/- 50.000 C L(-500 - 10000) 
eff_other =  0.69000 +/- 0.50000 C L(0 - 1) 

   [Observables]

jetCat = 0  C L(-2 - 2)
MET   = 10 C L(30 - 200)
deltaPhi = 10 L(0 - 180)
minPt = 20 L(10 - 200)
dxyEVT = 0.1 L(0 - 5000)
dszEVT = 0.1 L(0 - 5000)
weight = 1 L(0 - 100)   
