
   [Parameters]

Wjets_dphill_mean =  90 +/- 2.1609 L(20 - 180) 
Wjets_dphill_sigma =  50 +/- 8.9512 L(1 - 100) 

Wjets_gammaMRstar_mean =  37.548 +/- 0.53615  L(30 - 200) 
Wjets_gammaMRstar_sigmaL =  21.965 +/- 1.2917 L(3 - 50) 
Wjets_gammaMRstar_sigmaR =  23.621 +/- 0.35535 L(3 - 50) 
Wjets_gammaMRstar_alphaL =  0.000033048 +/- 0.077753 L(0 - 10) 
Wjets_gammaMRstar_alphaR =  0.000098503 +/- 0.0022561 L(0 - 10) 

N_sig =  0.0 +/- 0.0 C L(0 - 100000) 
N_WW =  0.0000 +/- 220.00 C L(-100 - 900000) 
N_top =  0.0000 +/- 50.000 C L(-500 - 10000) 
N_DY =  0.0000 +/- 50.000 C L(-500 - 10000) 
N_Wjets =  10.0000 +/- 50.000  L(-500 - 10000) 
N_other =  0.0000 +/- 50.000 C L(-500 - 10000) 

   [Observables]

njets = 0  C L(0 - 2)
gammaMRstar   = 40 C L(0.1 - 500)
dphill = 10 C L(0 - 130)
