
   [Parameters]

# TTBAR PARAMETERIZATION

ttbar_maxPt_mean =  48.262 +/- 1.5989 L(50 - 80) 
ttbar_maxPt_sigmaL =  3.0002 +/- 5.6811 L(3 - 50) 
ttbar_maxPt_sigmaR =  29.368 +/- 2.8968 L(3 - 50) 
ttbar_maxPt_alphaL =  0.50155 +/- 0.14987 L(0 - 10) 
ttbar_maxPt_alphaR =  0.0000000090046 +/- 0.080818 L(0 - 10) 

ttbar_deltaPhi_mean =  27 +/- 0.27912 L(20 - 100) 
ttbar_deltaPhi_sigmaL =  10 +/- 8.9512  L(5 - 200) 
ttbar_deltaPhi_sigmaR =  0.065053 +/- 6.6032 L(5 - 100) 
ttbar_deltaPhi_alphaL =  17.519 +/- 6.5846  L(0 - 40) 
ttbar_deltaPhi_alphaR =  0.13906 +/- 7.9820 L(0 - 40) 

ttbar_deltaPhi_p1 =  0.0 +/- 0.27912  L(-10 - 10) 
ttbar_deltaPhi_p2 =  0.0 +/- 8.9512    L(-10 - 10) 


ttbar_mll_p1 =  9.9855 +/- 18.681 L(-10 - 10) 
ttbar_mll_p2 = -0.0255311 +/- 0.022223 L(-10 - 10) 

ttbar_projMet_mean =  53.665 +/- 1.9981 L(50 - 180) 
ttbar_projMet_sigmaL =  13.979 +/- 0.75975 L(5 - 18) 
ttbar_projMet_sigmaR =  32.691 +/- 1.1432 L(5 - 100) 
ttbar_projMet_alphaL =  0.49519 +/- 0.10762 L(0 - 40) 
ttbar_projMet_alphaR =  0.039608 +/- 0.030786 L(0 - 40) 

N_ttbar =  10000 +/- 89.756 L(0 - 10000) 

N_WW =  0.0000 +/- 62.073 C L(-100 - 900000) 

N_sig =  0.0000 +/- 85.901 C L(-100 - 900000) 

N_other =  0.0000 +/- 50.000 C L(-500 - 10000) 

   [Observables]

jetcat = 0  C L(0 - 1)
projMet   = 40 C L(0 - 250)
deltaPhi = 10 C L(0 - 180)
expCosDphi = 0 C L(0.367879 - 2.7182818)
maxPtEle = 20 C L(0 - 150)
eleInvMass = 10 C L(0 - 150)
bTagImpPar = 1 C L(-1000 - 2)
weight = 1 C L(-100 - 10000)   

