
   [Parameters]

# WW PARAMETERIZATION
#WW_deltaPhi_mean =  0.1 +/- 2.1609 L(0.0 - 0.5) 
#WW_deltaPhi_sigmaL =  0.1 +/- 8.9512 C L(0.01 - 0.5) 
#WW_deltaPhi_sigmaR =  0.1 +/- 1.6127  L(0.01 - 10) 
#WW_deltaPhi_alphaL =  17.519 +/- 6.5846 C L(0 - 40) 
#WW_deltaPhi_alphaR =  0.63408 +/- 0.054471  L(0 - 40) 

WW_deltaPhi_mean =  179.56 +/- 0.098524 L(60 - 140) 
WW_deltaPhi_sigmaL =  58.395 +/- 0.17555 L(5 - 100) 
WW_deltaPhi_sigmaR =  30.1061 +/- 1.7001 L(20 - 100) 
WW_deltaPhi_alphaL =  0.20581 +/- 0.0077220 L(0 - 40) 
WW_deltaPhi_alphaR =  39.707 +/- 23.170 L(0 - 40) 

WW_maxPt_mean =  40 +/- 0.35784 L(20 - 50) 
WW_maxPt_sigmaL =  4.8803 +/- 0.19923 L(3 - 80) 
WW_maxPt_sigmaR =  21.172 +/- 0.35507 L(3 - 80) 
WW_maxPt_alphaL =  0.000048904 +/- 0.0021567 L(0 - 10) 
WW_maxPt_alphaR =  0.084935 +/- 0.0044860 L(0 - 10) 

WW_projMet_mean =  50 +/- 0.35784 L(20 - 80) 
WW_projMet_sigmaL =  4.8803 +/- 0.19923 L(3 - 80) 
WW_projMet_sigmaR =  21.172 +/- 0.35507 L(3 - 80) 
WW_projMet_alphaL =  0.000048904 +/- 0.0021567 L(0 - 10) 
WW_projMet_alphaR =  0.084935 +/- 0.0044860 L(0 - 10) 

Nj_0_p1 =  1.0000 C L(-2 - 2) 
Nj_0_p2 =  0.0000 C L(-2 - 2) 
Nj_1_p1 = -1.000000 C L(-2 - 2) 
Nj_1_p2 =  0.0000 C L(-2 - 2) 

N_sig =  0.0 +/- 85.901 C L(0 - 100000) 
N_WW =  10.0000 +/- 220.00  L(0 - 900000) 
N_ttbar =  0.0000 +/- 50.000 C L(-500 - 10000) 
N_other =  0.0000 +/- 50.000 C L(-500 - 10000) 

   [Observables]

jetcat = 0  C L(0 - 1)
projMet   = 40 C L(0 - 250)
deltaPhi = 10 C L(0 - 180)
expCosDphi = 0 C L(0.367879 - 2.7182818)
maxPtEle = 20 C L(0 - 150)
eleInvMass = 10 C L(0 - 150)
bTagImpPar = 1 C L(-1000 - 2)
weight = 1 C L(-100 - 10000)   

