
   [Parameters]

# TTBAR PARAMETERIZATION

#top_dphill_mean =  27 +/- 0.27912 L(20 - 100) 
#top_dphill_sigmaL =  10 +/- 8.9512  L(5 - 200) 
#top_dphill_sigmaR =  0.065053 +/- 6.6032 L(5 - 100) 
#top_dphill_alphaL =  17.519 +/- 6.5846  L(0 - 40) 
#top_dphill_alphaR =  0.13906 +/- 7.9820 L(0 - 40) 

top_dphill_p1 = 0 L(-10 - 10)
top_dphill_p2 = 0 L(0 - 10)

top_gammaMRstar_mean =  48.262 +/- 1.5989 L(100 - 250) 
top_gammaMRstar_sigmaL =  3.0002 +/- 5.6811 L(3 - 50) 
top_gammaMRstar_sigmaR =  29.368 +/- 2.8968 L(3 - 50) 
top_gammaMRstar_alphaL =  0.50155 +/- 0.14987 L(0 - 10) 
top_gammaMRstar_alphaR =  0.0000000090046 +/- 0.080818 L(0 - 10) 


N_top =  10000 +/- 89.756 L(0 - 10000) 
N_WW =  0.0000 +/- 62.073 C L(-100 - 900000) 
N_sig =  0.0000 +/- 85.901 C L(-100 - 900000) 
N_DY =  0.0000 +/- 85.901 C L(-100 - 900000) 
N_Wjets =  0.0000 +/- 85.901 C L(-100 - 900000) 
N_other =  0.0000 +/- 50.000 C L(-500 - 10000) 

   [Observables]

njets = 0  C L(0 - 2)
gammaMRstar   = 40 C L(0 - 500)
dphill = 10 C L(0 - 130)
