
   [Parameters]

# SIGNAL PARAMETERIZATION
sig_deltaPhi_mean =  2.7 +/- 2.1609 L(2.5 - 5.0) 
sig_deltaPhi_sigmaL =  0.1 +/- 8.9512 L(0.01 - 0.5) 
sig_deltaPhi_sigmaR =  0.1 +/- 1.6127 C L(0.01 - 10) 
sig_deltaPhi_alphaL =  17.519 +/- 6.5846 L(0 - 40) 
sig_deltaPhi_alphaR =  0.63408 +/- 0.054471 C L(0 - 40) 

sig_deltaPhi_p1 =  0 +/- 2.1609 L(-10 - 10) 
sig_deltaPhi_p2 =  1 +/- 8.9512 L(0 - 100) 

sig_maxPt_mean =  40.002 +/- 0.0000000000000020019 L(39 - 50) 
sig_maxPt_sigmaL =  6.3042 +/- 0.00000000000000026238 L(3 - 50) 
sig_maxPt_sigmaR =  11.323 +/- 0.00000000000000039899 L(3 - 50) 
sig_maxPt_alphaL =  0.059697 +/- 0.0000000000000000028189 L(0 - 10) 
sig_maxPt_alphaR =  0.19189 +/- 0.0000000000000000099747 L(0 - 10) 

sig_mll_mean =  37.548 +/- 0.53615 C L(10 - 50) 
sig_mll_sigmaL =  21.965 +/- 1.2917 L(3 - 50) 
sig_mll_sigmaR =  23.621 +/- 0.35535 L(3 - 50) 
sig_mll_alphaL =  0.000033048 +/- 0.077753 L(0 - 10) 
sig_mll_alphaR =  0.000098503 +/- 0.0022561 L(0 - 10) 

sig_projMet_mean =  75.594 +/- 0.36147 L(0 - 180) 
sig_projMet_sigmaL =  22.386 +/- 0.45363 L(5 - 100) 
sig_projMet_sigmaR =  11.294 +/- 0.25514 L(5 - 100) 
sig_projMet_alphaL =  0.10979 +/- 0.012764 L(0 - 40) 
sig_projMet_alphaR =  0.10818 +/- 0.0067609 L(0 - 40) 


N_sig =  10.0 +/- 85.901 L(0 - 100000) 
N_WW =  0.0000 +/- 220.00 C L(-100 - 900000) 
N_ttbar =  0.0000 +/- 50.000 C L(-500 - 10000) 
N_other =  0.0000 +/- 50.000 C L(-500 - 10000) 

   [Observables]

jetcat = 0  C L(0 - 1)
projMet   = 40 C L(0 - 250)
deltaPhi = 10 C L(0 - 180)
expCosDphi = 0 C L(0.367879 - 2.7182818)
maxPtEle = 20 C L(0 - 150)
eleInvMass = 10 C L(0 - 150)
bTagImpPar = 1 C L(-1000 - 2)
weight = 1 C L(-100 - 10000)   
