
   [Parameters]
sig_deltaPhi_mean =  32.787 +/- 1.0373 L(0 - 180) 
sig_deltaPhi_sigma =  23.759 +/- 1.4998 L(5 - 100) 
sig_deltaPhi_alpha =  0.000000017749 +/- 0.029175 L(0 - 40) 
sig_deltaPhi_alphaCB =  0.47829 +/- 0.036616 L(0 - 40) 
sig_deltaPhi_nCB =  100.000 +/- 32.886 C L(0 - 100) 
WW_deltaPhi_p1 =  0.0000 C L(-100 - 100) 
WW_deltaPhi_p2 =  0.0000 C L(-10 - 10) 
ttbar_deltaPhi_p1 =  0.0000 C L(-100 - 100) 
ttbar_deltaPhi_p2 =  0.0000 C L(-100 - 100) 
other_deltaPhi_mean =  100.00 C L(0 - 180) 
other_deltaPhi_sigma =  50.000 C L(5 - 100) 
sig_minPt_mean =  26.363 +/- 0.18507  L(10 - 50) 
sig_minPt_sigmaL =  9.9070 +/- 0.53376  L(3 - 50) 
sig_minPt_sigmaR =  9.5565 +/- 0.12204  L(3 - 50) 
sig_minPt_alphaL =  0.77715 +/- 0.11545  L(0 - 10) 
sig_minPt_alphaR =  0.12134 +/- 0.0027223  L(0 - 10) 
WW_minPt_mean =  20.000 C L(10 - 50) 
WW_minPt_sigmaL =  10.000 C L(3 - 50) 
WW_minPt_sigmaR =  10.000 C L(3 - 50) 
WW_minPt_alphaL =  0.30000 C L(0 - 10) 
WW_minPt_alphaR =  0.30000 C L(0 - 10) 
ttbar_minPt_mean =  20.000 C L(10 - 50) 
ttbar_minPt_sigmaL =  10.000 C L(3 - 50) 
ttbar_minPt_sigmaR =  10.000 C L(3 - 50) 
ttbar_minPt_alphaL =  0.30000 C L(0 - 10) 
ttbar_minPt_alphaR =  0.30000 C L(0 - 10) 
other_minPt_mean =  20.000 C L(10 - 50) 
other_minPt_sigmaL =  10.000 C L(3 - 50) 
other_minPt_sigmaR =  10.000 C L(3 - 50) 
other_minPt_alphaL =  0.30000 C L(0 - 10) 
other_minPt_alphaR =  0.30000 C L(0 - 10) 
sig_MET_bin1 =  0.14650 +/- 0.0033280  L(0 - 1) 
sig_MET_bin2 =  0.24690 +/- 0.0043928  L(0 - 1) 
sig_MET_bin3 =  0.37023 +/- 0.0056684  L(0 - 1) 
sig_MET_bin4 =  0.51490 +/- 0.0073928  L(0 - 1) 
sig_MET_bin5 =  0.54934 +/- 0.010567   L(0 - 1) 
sig_MET_bin6 =  0.63093 +/- 0.015265   L(0 - 1) 
sig_MET_bin7 =  0.82156 +/- 0.019931   L(0 - 1) 
WW_MET_bin1 =  0.10000 C L(0 - 1) 
WW_MET_bin2 =  0.10000 C L(0 - 1) 
WW_MET_bin3 =  0.10000 C L(0 - 1) 
WW_MET_bin4 =  0.10000 C L(0 - 1) 
WW_MET_bin5 =  0.10000 C L(0 - 1) 
WW_MET_bin6 =  0.10000 C L(0 - 1) 
WW_MET_bin7 =  0.10000 C L(0 - 1) 
ttbar_MET_bin1 =  0.10000 C L(0 - 1) 
ttbar_MET_bin2 =  0.10000 C L(0 - 1) 
ttbar_MET_bin3 =  0.10000 C L(0 - 1) 
ttbar_MET_bin4 =  0.10000 C L(0 - 1) 
ttbar_MET_bin5 =  0.10000 C L(0 - 1) 
ttbar_MET_bin6 =  0.10000 C L(0 - 1) 
ttbar_MET_bin7 =  0.10000 C L(0 - 1) 
other_MET_bin1 =  0.10000 C L(0 - 1) 
other_MET_bin2 =  0.10000 C L(0 - 1) 
other_MET_bin3 =  0.10000 C L(0 - 1) 
other_MET_bin4 =  0.10000 C L(0 - 1) 
other_MET_bin5 =  0.10000 C L(0 - 1) 
other_MET_bin6 =  0.10000 C L(0 - 1) 
other_MET_bin7 =  0.10000 C L(0 - 1) 
Nj_0_p1 =  1.0000 C L(-2 - 2) 
Nj_0_p2 =  0.0000 C L(-2 - 2) 
Nj_1_p1 = -1.000000 C L(-2 - 2) 
Nj_1_p2 =  0.0000 C L(-2 - 2) 
N_sig =  7379.0 +/- 85.901 L(-100 - 900000) 
eff_sig =  0.52134 +/- 0.0058152 L(0 - 1) 
N_WW =  0.0000 +/- 220.00 C L(-100 - 900000) 
eff_WW =  0.60246 +/- 0.0022246 C L(0 - 1) 
N_ttbar =  0.0000 +/- 50.000 C L(-500 - 10000) 
eff_ttbar =  0.16200 +/- 0.50000 C L(0 - 1) 
N_other =  0.0000 +/- 50.000 C L(-500 - 10000) 
eff_other =  0.69000 +/- 0.50000 C L(0 - 1) 

   [Observables]

jetCat = 0  C L(-2 - 2)
MET   = 10 C L(30 - 200)
deltaPhi = 10 L(0 - 180)
minPt = 20 L(10 - 200)
dxyEVT = 0.1 L(0 - 5000)
dszEVT = 0.1 L(0 - 5000)
weight = 1 L(0 - 100)   
