
   [Parameters]

# WW PARAMETERIZATION

WW_dphill_mean =  179.56 +/- 0.098524 L(60 - 140) 
WW_dphill_sigmaL =  58.395 +/- 0.17555 L(5 - 100) 
WW_dphill_sigmaR =  30.1061 +/- 1.7001 L(20 - 100) 
WW_dphill_alphaL =  0.20581 +/- 0.0077220 L(0 - 40) 
WW_dphill_alphaR =  39.707 +/- 23.170 L(0 - 40) 

# for OF (no Z veto)
WW_gammaMRstar_mean =  150 +/- 0.35784 L(140 - 160) 
WW_gammaMRstar_sigmaL =  4.8803 +/- 0.19923 L(5 - 80) 
WW_gammaMRstar_sigmaR =  21.172 +/- 0.35507 L(5 - 80) 
WW_gammaMRstar_alphaL =  0.000048904 +/- 0.0021567 L(0 - 10) 
WW_gammaMRstar_alphaR =  0.084935 +/- 0.0044860 L(0 - 10) 

# for SF (Z veto)
WW_gammaMRstar_mean1 =  150 +/- 0.35784 L(110 - 200) 
WW_gammaMRstar_mean2 =  270 +/- 0.35784 L(220 - 280) 
WW_gammaMRstar_sigma1 =  40 +/- 0.19923 L(5 - 60) 
WW_gammaMRstar_sigma2 =  40 +/- 0.19923 L(5 - 200) 
WW_gammaMRstar_f1 =  0.7 +/- 0.19923 L(0.5 - 1) 

N_sig =  0.0 +/- 85.901 C L(0 - 100000) 
N_WW =  10.0000 +/- 220.00  L(0 - 900000) 
N_top =  0.0000 +/- 50.000 C L(-500 - 10000) 
N_DY =  0.0000 +/- 50.000 C L(-500 - 10000) 
N_Wjets =  0.0000 +/- 50.000 C L(-500 - 10000) 
N_other =  0.0000 +/- 50.000 C L(-500 - 10000) 

   [Observables]


njets = 0  C L(0 - 2)
gammaMRstar   = 40 C L(0 - 500)
dphill = 10 C L(0 - 130)
