
   [Parameters]

# OTHERS PARAMETERIZATION
other_deltaPhi_mean =  200.00 +/- 2.1609  L(150 - 300) 
other_deltaPhi_sigmaL =  17.903 +/- 0.22912  L(5 - 100) 
other_deltaPhi_sigmaR =  0.010000 +/- 1.6127  L(0 - 1) 
other_deltaPhi_alphaL =  0.10608 +/- 0.00060240  L(0 - 40) 
other_deltaPhi_alphaR =  0.10000 +/- 0.054471  L(0 - 40) 

#other_deltaPhi_mean =  0.046740 +/- 0.26448 L(0.35 - 0.5) 
#other_deltaPhi_sigmaL =  0.10000 +/- 8.9512 C L(0.01 - 0.5) 
#other_deltaPhi_sigmaR =  0.048609 +/- 1.4888 L(0.01 - 10) 
#other_deltaPhi_alphaL =  0.519 +/- 6.5846 C L(0 - 40) 
#other_deltaPhi_alphaR =  0.15757 +/- 4.1605 L(0 - 40) 
#other_deltaPhi_exp =  -200. +/- 4.1605 L(-700 - -1) 



other_maxPt_mean =  44.558 +/- 0.11253 L(25 - 50) 
other_maxPt_sigmaL =  7.4291 +/- 0.072403 L(3 - 50) 
other_maxPt_sigmaR =  7.6516 +/- 0.094200 L(3 - 50) 
other_maxPt_alphaL =  0.000000015358 +/- 0.0010500 L(0 - 10) 
other_maxPt_alphaR =  0.13545 +/- 0.0017970 L(0 - 10) 

other_mll_mean =  90.558 +/- 0.11253 L(80 - 110) 
other_mll_sigmaL =  3.4291 +/- 0.072403 L(3 - 50) 
other_mll_sigmaR =  3.6516 +/- 0.094200 L(3 - 50) 
other_mll_alphaL =  0.000000015358 +/- 0.0010500 L(0 - 10) 
other_mll_alphaR =  0.13545 +/- 0.0017970 L(0 - 10) 

other_projMet_mean =  40.3218 +/- 0.15706 L(0 - 20) 
other_projMet_sigmaL =  10.0506 +/- 0.11406 C L(3 - 100) 
other_projMet_sigmaR =  9.1320 +/- 0.12183 L(3 - 30) 
other_projMet_alphaL =  0.0000000069176 +/- 0.0026527 C L(0 - 10) 
other_projMet_alphaR =  0.073884 +/- 0.0031256 L(0 - 10) 

N_other =  100.0 +/- 0.90510 L(0 - 1000000) 
N_ttbar =  0.0000 +/- 50.000 C L(-500 - 10000) 
N_WW =  0.0000 +/- 62.073 C L(-100 - 900000) 
N_sig =  0.0000 +/- 85.901 C L(-100 - 900000) 

   [Observables]

jetcat = 0  C L(0 - 1)
projMet   = 40 C L(0 - 250)
deltaPhi = 10 C L(0 - 180)
expCosDphi = 0 C L(0.367879 - 2.7182818)
maxPtEle = 20 C L(0 - 150)
eleInvMass = 10 C L(0 - 150)
bTagImpPar = 1 C L(-1000 - 2)
weight = 1 C L(-100 - 10000)   


