
   [Parameters]

# OTHERS PARAMETERIZATION
others_dphill_exp = 1 L(0 - 100)

others_gammaMRstar_mean =  48.262 +/- 1.5989 L(100 - 250) 
others_gammaMRstar_sigmaL =  3.0002 +/- 5.6811 L(3 - 50) 
others_gammaMRstar_sigmaR =  29.368 +/- 2.8968 L(3 - 50) 
others_gammaMRstar_alphaL =  0.50155 +/- 0.14987 L(0 - 10) 
others_gammaMRstar_alphaR =  0.0000000090046 +/- 0.080818 L(0 - 10) 

N_top =  0 +/- 89.756 C L(0 - 10000) 
N_WW =  0.0000 +/- 62.073 C L(-100 - 900000) 
N_sig =  0.0000 +/- 85.901 C L(-100 - 900000) 
N_DY =  0.0000 +/- 85.901 C L(-100 - 900000) 
N_Wjets =  0.0000 +/- 85.901 C L(-100 - 900000) 
N_others =  10.0000 +/- 50.000  L(-500 - 10000) 

   [Observables]

njets = 0  C L(0 - 2)
gammaMRstar   = 40 C L(0 - 500)
dphill = 10 C L(0 - 130)
