
   [Parameters]

# exp(cosDphi)
sig_deltaPhi_mean =  2.8845 +/- 1.4774 L(2.5 - 5) 
sig_deltaPhi_sigmaL =  0.029689 +/- 0.29964 L(0.01 - 0.5) 
sig_deltaPhi_sigmaR =  0.10000 +/- 1.6127 C L(0.01 - 10) 
sig_deltaPhi_alphaL =  0.15065 +/- 27.615 L(0 - 40) 
sig_deltaPhi_alphaR =  0.63408 +/- 0.054471 C L(0 - 40) 

WW_deltaPhi_mean =  0.066508 +/- 0.46440 L(0 - 0.5) 
WW_deltaPhi_sigmaL =  0.10000 +/- 8.9512 C L(0.01 - 0.5) 
WW_deltaPhi_sigmaR =  0.062915 +/- 0.00039449 L(0.01 - 10) 
WW_deltaPhi_alphaL =  17.519 +/- 6.5846 C L(0 - 40) 
WW_deltaPhi_alphaR =  0.11864 +/- 0.20564 L(0 - 40) 

ttbar_deltaPhi_mean =  0.15051 +/- 0.31205 L(0 - 0.5) 
ttbar_deltaPhi_sigmaL =  0.10000 +/- 8.9512 C L(0.01 - 0.5) 
ttbar_deltaPhi_sigmaR =  0.037716 +/- 9.3362 L(0.01 - 10) 
ttbar_deltaPhi_alphaL =  17.519 +/- 6.5846 C L(0 - 40) 
ttbar_deltaPhi_alphaR =  0.14036 +/- 33.256 L(0 - 40) 

other_deltaPhi_exp = -21.3799 +/- 5.4095 L(-700 - -1) 


# PT MAX 
sig_maxPt_mean =  39.005 +/- 7.5338 L(39 - 50) 
sig_maxPt_sigmaL =  5.1278 +/- 5.1534 L(3 - 50) 
sig_maxPt_sigmaR =  6.7243 +/- 8.2124 L(3 - 50) 
sig_maxPt_alphaL =  0.000037912 +/- 8.7108 L(0 - 10) 
sig_maxPt_alphaR =  0.11127 +/- 0.34063 L(0 - 10) 

WW_maxPt_mean =  34.021 +/- 7.5898 L(20 - 50) 
WW_maxPt_sigmaL =  3.3688 +/- 11.659 L(3 - 80) 
WW_maxPt_sigmaR =  12.575 +/- 9.8304 L(3 - 80) 
WW_maxPt_alphaL =  0.00013396 +/- 1.8399 L(0 - 10) 
WW_maxPt_alphaR =  0.082243 +/- 0.24810 L(0 - 10) 

ttbar_maxPt_mean =  50.000 +/- 15.132 L(50 - 80) 
ttbar_maxPt_sigmaL =  11.461 +/- 27.506 L(3 - 50) 
ttbar_maxPt_sigmaR =  8.6439 +/- 28.196 L(3 - 50) 
ttbar_maxPt_alphaL =  0.0013879 +/- 8.9864 L(0 - 10) 
ttbar_maxPt_alphaR =  0.21858 +/- 0.65247 L(0 - 10) 

other_maxPt_mean =  31.486 +/- 1.5280 L(25 - 50) 
other_maxPt_sigmaL =  3.0004 +/- 5.5391 L(3 - 50) 
other_maxPt_sigmaR =  7.2672 +/- 2.6303 L(3 - 50) 
other_maxPt_alphaL =  0.000036162 +/- 0.41727 L(0 - 10) 
other_maxPt_alphaR =  0.095113 +/- 0.096276 L(0 - 10) 


# PROJ. MET
sig_projMet_mean =  67.323 +/- 40.488 L(0 - 180) 
sig_projMet_sigmaL =  14.617 +/- 54.414 L(5 - 100) 
sig_projMet_sigmaR =  7.1669 +/- 83.818 L(5 - 100) 
sig_projMet_alphaL =  0.23373 +/- 1.1538 L(0 - 40) 
sig_projMet_alphaR =  0.088751 +/- 1.0225 L(0 - 40) 

WW_projMet_mean =  55.324 +/- 19.420 L(20 - 80) 
WW_projMet_sigmaL =  55.936 +/- 29.272 L(3 - 80) 
WW_projMet_sigmaR =  12.586 +/- 14.310 L(3 - 80) 
WW_projMet_alphaL =  0.091587 +/- 5.7287 L(0 - 10) 
WW_projMet_alphaR =  0.090124 +/- 0.32503 L(0 - 10) 

ttbar_projMet_mean =  50.489 +/- 28.971 L(50 - 180) 
ttbar_projMet_sigmaL =  16.792 +/- 9.3047 L(5 - 18) 
ttbar_projMet_sigmaR =  25.232 +/- 29.474 L(5 - 100) 
ttbar_projMet_alphaL =  0.88658 +/- 5.4182 L(0 - 40) 
ttbar_projMet_alphaR =  0.11387 +/- 1.0277 L(0 - 40) 

other_projMet_mean =  0.000012417 +/- 19.417 L(0 - 20) 
other_projMet_sigmaL =  10.051 +/- 0.11406 C L(3 - 100) 
other_projMet_sigmaR =  4.0387 +/- 1.0236 L(3 - 30) 
other_projMet_alphaL =  0.0000000069176 +/- 0.0026527 C L(0 - 10) 
other_projMet_alphaR =  0.13484 +/- 0.028932 L(0 - 10) 

N_sig =  42.0 +/- 85.901 L(-100 - 900000) 
N_WW =  53.0 +/- 62.073 L(-100 - 900000) 
N_ttbar =  127.0 +/- 89.756 L(-500 - 10000) 
N_other =  109.0 +/- 0.90510 L(-500 - 1000000) 


   [Observables]

jetcat = 0  C L(0 - 1)
projMet   = 40 C L(0 - 250)
deltaPhi = 10 C L(0 - 180)
expCosDphi = 0 C L(0.367879 - 2.7182818)
maxPtEle = 20 C L(0 - 150)
eleInvMass = 10 C L(0 - 150)
bTagImpPar = 1 C L(-1000 - 2)
weight = 1 C L(-100 - 10000)
