
   [Parameters]

WW_em_deltaPhi_mean =  128.11 +/- 9.3466 C L(60 - 140) 
WW_em_deltaPhi_sigmaL =  60.320 +/- 63.882 C L(5 - 100) 
WW_em_deltaPhi_sigmaR =  24.997 +/- 74.070 C L(20 - 100) 
WW_em_deltaPhi_alphaL =  0.28576 +/- 6.6183 C L(0 - 40) 
WW_em_deltaPhi_alphaR =  13.064 +/- 7.7772 C L(0 - 40) 

ttbar_em_deltaPhi_mean =  50.100 +/- 55.030 C L(20 - 100) 
ttbar_em_deltaPhi_sigmaL =  5.3953 +/- 103.85 C L(5 - 200) 
ttbar_em_deltaPhi_sigmaR =  70.608 +/- 62.136 C L(5 - 100) 
ttbar_em_deltaPhi_alphaL =  1.3126 +/- 22.989 C L(0 - 40) 
ttbar_em_deltaPhi_alphaR =  0.41577 +/- 38.454 C L(0 - 40) 

other_em_deltaPhi_mean =  187.44 +/- 8.1567 C L(150 - 300) 
other_em_deltaPhi_sigmaL =  11.843 +/- 2.0109  L(5 - 100) 
other_em_deltaPhi_sigmaR =  0.010000 +/- 0.22525 C L(0 - 1) 
other_em_deltaPhi_alphaL =  0.14491 +/- 0.023737  L(0 - 40) 
other_em_deltaPhi_alphaR =  1.5564 +/- 20.738 C L(0 - 40) 


# PT MAX 
WW_em_maxPt_mean =  34.021 +/- 7.5898 C L(20 - 50) 
WW_em_maxPt_sigmaL =  3.3688 +/- 11.659 C L(3 - 80) 
WW_em_maxPt_sigmaR =  12.575 +/- 9.8304 C L(3 - 80) 
WW_em_maxPt_alphaL =  0.00013396 +/- 1.8399 C L(0 - 10) 
WW_em_maxPt_alphaR =  0.082243 +/- 0.24810 C L(0 - 10) 

ttbar_em_maxPt_mean =  50.000 +/- 15.132 C L(50 - 80) 
ttbar_em_maxPt_sigmaL =  11.461 +/- 27.506 C L(3 - 50) 
ttbar_em_maxPt_sigmaR =  8.6439 +/- 28.196 C L(3 - 50) 
ttbar_em_maxPt_alphaL =  0.0013879 +/- 8.9864 C L(0 - 10) 
ttbar_em_maxPt_alphaR =  0.21858 +/- 0.65247 C L(0 - 10) 

other_em_maxPt_mean =  31.486 +/- 1.5280   L(25 - 50) 
other_em_maxPt_sigmaL =  3.0004 +/- 5.5391 C L(3 - 50) 
other_em_maxPt_sigmaR =  7.2672 +/- 2.6303 C L(3 - 50) 
other_em_maxPt_alphaL =  0.000036162 +/- 0.41727 C L(0 - 10) 
other_em_maxPt_alphaR =  0.095113 +/- 0.096276 C L(0 - 10) 


# PROJ. MET
WW_em_projMet_mean =  55.324 +/- 19.420 C L(20 - 80) 
WW_em_projMet_sigmaL =  55.936 +/- 29.272 C L(3 - 80) 
WW_em_projMet_sigmaR =  12.586 +/- 14.310 C L(3 - 80) 
WW_em_projMet_alphaL =  0.091587 +/- 5.7287 C L(0 - 10) 
WW_em_projMet_alphaR =  0.090124 +/- 0.32503 C L(0 - 10) 

ttbar_em_projMet_mean =  50.489 +/- 28.971 C L(50 - 180) 
ttbar_em_projMet_sigmaL =  16.792 +/- 9.3047 C L(5 - 18) 
ttbar_em_projMet_sigmaR =  25.232 +/- 29.474 C L(5 - 100) 
ttbar_em_projMet_alphaL =  0.88658 +/- 5.4182 C L(0 - 40) 
ttbar_em_projMet_alphaR =  0.11387 +/- 1.0277 C L(0 - 40) 

other_em_projMet_mean =  0.000012417 +/- 19.417 C L(0 - 20) 
other_em_projMet_sigmaL =  10.051 +/- 0.11406 C L(3 - 100) 
other_em_projMet_sigmaR =  4.0387 +/- 1.0236   L(3 - 20) 
other_em_projMet_alphaL =  0.0000000069176 +/- 0.0026527 C L(0 - 10) 
other_em_projMet_alphaR =  0.13484 +/- 0.028932 C L(0 - 10) 


N_sig =  1.0 +/- 85.901  L(0 - 900000) 
N_WW =  53.0 +/- 62.073 L(0 - 900000) 
N_ttbar =  1.0 +/- 89.756    L(0 - 2) 
N_other =  109.0 +/- 0.90510 L(0 - 1000000) 


   [Observables]

jetcat = 0  C L(0 - 1)
projMet   = 40 C L(0 - 250)
deltaPhi = 10 C L(0 - 180)
expCosDphi = 0 C L(0.367879 - 2.7182818)
maxPtEle = 20 C L(0 - 150)
eleInvMass = 10 C L(0 - 150)
bTagImpPar = 1 C L(-1000 - 2)
weight = 1 C L(-100 - 10000)
