
   [Parameters]

WW_mm_deltaPhi_mean =  106.49 +/- 57.115 C L(60 - 140) 
WW_mm_deltaPhi_sigmaL =  49.518 +/- 65.766 C L(5 - 100) 
WW_mm_deltaPhi_sigmaR =  20.056 +/- 79.804 C L(20 - 100) 
WW_mm_deltaPhi_alphaL =  0.44712 +/- 25.734 C L(0 - 40) 
WW_mm_deltaPhi_alphaR =  4.0813 +/- 36.100 C L(0 - 40) 

ttbar_mm_deltaPhi_mean =  27.080 +/- 61.682 C L(20 - 100) 
ttbar_mm_deltaPhi_sigmaL =  5.0375 +/- 135.97 C L(5 - 200) 
ttbar_mm_deltaPhi_sigmaR =  42.050 +/- 63.576 C L(5 - 100) 
ttbar_mm_deltaPhi_alphaL =  1.6631 +/- 33.024 C L(0 - 40) 
ttbar_mm_deltaPhi_alphaR =  0.65821 +/- 6.0964 C L(0 - 40) 

other_mm_deltaPhi_mean =  191.13 +/- 2.7917  C L(150 - 300) 
other_mm_deltaPhi_sigmaL =  15.871 +/- 0.60394  L(5 - 100) 
other_mm_deltaPhi_sigmaR =  0.010000 +/- 0.22525 C L(0 - 1) 
other_mm_deltaPhi_alphaL =  0.13453 +/- 0.0061543  L(0 - 40) 
other_mm_deltaPhi_alphaR =  1.5785 +/- 38.815 C L(0 - 40) 


# PT MAX 
WW_mm_maxPt_mean =  34.022 +/- 21.416 C L(20 - 50) 
WW_mm_maxPt_sigmaL =  3.6953 +/- 49.235 C L(3 - 80) 
WW_mm_maxPt_sigmaR =  10.596 +/- 14.774 C L(3 - 80) 
WW_mm_maxPt_alphaL =  0.00018568 +/- 8.7654 C L(0 - 10) 
WW_mm_maxPt_alphaR =  0.091414 +/- 0.39165 C L(0 - 10) 

ttbar_mm_maxPt_mean =  50.000 +/- 29.937 C L(50 - 80) 
ttbar_mm_maxPt_sigmaL =  11.902 +/- 27.611 C L(3 - 50) 
ttbar_mm_maxPt_sigmaR =  11.813 +/- 24.921 C L(3 - 50) 
ttbar_mm_maxPt_alphaL =  0.0000050671 +/- 9.0418 C L(0 - 10) 
ttbar_mm_maxPt_alphaR =  0.15821 +/- 0.76157 C L(0 - 10) 

other_mm_maxPt_mean =  32.281 +/- 0.99338  L(25 - 50) 
other_mm_maxPt_sigmaL =  3.2773 +/- 0.57259  L(3 - 50) 
other_mm_maxPt_sigmaR =  6.6188 +/- 0.73130  L(3 - 50) 
other_mm_maxPt_alphaL =  0.00000000012893 +/- 0.020670  L(0 - 10) 
other_mm_maxPt_alphaR =  0.084229 +/- 0.021041  L(0 - 10) 


# PROJ. MET
WW_mm_projMet_mean =  61.606 +/- 50.795 C L(20 - 80) 
WW_mm_projMet_sigmaL =  25.596 +/- 44.137 C L(3 - 80) 
WW_mm_projMet_sigmaR =  10.409 +/- 40.996 C L(3 - 80) 
WW_mm_projMet_alphaL =  1.0894 +/- 7.8659 C L(0 - 10) 
WW_mm_projMet_alphaR =  0.11611 +/- 0.48553 C L(0 - 10) 

ttbar_mm_projMet_mean =  70.001 +/- 24.854 C L(60 - 180) 
ttbar_mm_projMet_sigmaL =  17.460 +/- 6.7782 C L(5 - 18) 
ttbar_mm_projMet_sigmaR =  14.192 +/- 21.197 C L(5 - 100) 
ttbar_mm_projMet_alphaL =  0.60760 +/- 2.9160 C L(0 - 40) 
ttbar_mm_projMet_alphaR =  0.11666 +/- 1.1911 C L(0 - 40) 

other_mm_projMet_mean =  0.000039521 +/- 3.3289 C L(0 - 20) 
other_mm_projMet_sigmaL =  10.051 +/- 0.11406 C L(3 - 100) 
other_mm_projMet_sigmaR =  6.1182 +/- 0.35245  L(3 - 30) 
other_mm_projMet_alphaL =  0.0000000069176 +/- 0.0026527 C L(0 - 10) 
other_mm_projMet_alphaR =  0.077445 +/- 0.018412 C L(0 - 10) 


N_sig =  0.0 +/- 85.901 L(0 - 900000) 
N_WW =  53.0 +/- 62.073 L(0 - 900000) 
N_ttbar =  127.0 +/- 89.756 L(-500 - 10000) 
N_other =  109.0 +/- 0.90510 L(-500 - 1000000) 


   [Observables]

jetcat = 0  C L(0 - 1)
projMet   = 40 C L(0 - 250)
deltaPhi = 10 C L(0 - 180)
expCosDphi = 0 C L(0.367879 - 2.7182818)
maxPtEle = 20 C L(0 - 150)
eleInvMass = 10 C L(0 - 150)
bTagImpPar = 1 C L(-1000 - 2)
weight = 1 C L(-100 - 10000)
