
   [Parameters]

# exp(cosDphi)
sig_deltaPhi_mean =  2.9302 +/- 2.2724 L(2.5 - 5) 
sig_deltaPhi_sigmaL =  0.066187 +/- 0.26916 L(0.01 - 0.5) 
sig_deltaPhi_sigmaR =  0.10000 +/- 1.6127 C L(0.01 - 10) 
sig_deltaPhi_alphaL =  0.23697 +/- 39.323 L(0 - 40) 
sig_deltaPhi_alphaR =  0.63408 +/- 0.054471 C L(0 - 40) 

WW_deltaPhi_mean =  0.064846 +/- 0.27912 L(0 - 0.5) 
WW_deltaPhi_sigmaL =  0.10000 +/- 8.9512 C L(0.01 - 0.5) 
WW_deltaPhi_sigmaR =  0.065053 +/- 6.6032 L(0.01 - 10) 
WW_deltaPhi_alphaL =  17.519 +/- 6.5846 C L(0 - 40) 
WW_deltaPhi_alphaR =  0.13906 +/- 7.9820 L(0 - 40) 

ttbar_deltaPhi_mean =  0.046740 +/- 0.26448 L(0 - 0.5) 
ttbar_deltaPhi_sigmaL =  0.10000 +/- 8.9512 C L(0.01 - 0.5) 
ttbar_deltaPhi_sigmaR =  0.048609 +/- 1.4888 L(0.01 - 10) 
ttbar_deltaPhi_alphaL =  17.519 +/- 6.5846 C L(0 - 40) 
ttbar_deltaPhi_alphaR =  0.15757 +/- 4.1605 L(0 - 40) 

other_deltaPhi_exp = -200.000 +/- 0.13692 L(-700 - -100) 

# PT MAX 
sig_maxPt_mean =  39.187 +/- 10.888 L(39 - 50) 
sig_maxPt_sigmaL =  5.2887 +/- 32.537 L(3 - 50) 
sig_maxPt_sigmaR =  6.0493 +/- 43.496 L(3 - 50) 
sig_maxPt_alphaL =  0.00029835 +/- 9.9639 L(0 - 10) 
sig_maxPt_alphaR =  0.10789 +/- 0.94694 L(0 - 10) 

WW_maxPt_mean =  32.883 +/- 21.438 L(20 - 50) 
WW_maxPt_sigmaL =  3.2651 +/- 74.412 L(3 - 80) 
WW_maxPt_sigmaR =  11.111 +/- 19.162 L(3 - 80) 
WW_maxPt_alphaL =  0.0051638 +/- 9.6125 L(0 - 10) 
WW_maxPt_alphaR =  0.076522 +/- 1.0668 L(0 - 10) 

ttbar_maxPt_mean =  33.775 +/- 13.155 L(30 - 50) 
ttbar_maxPt_sigmaL =  3.0000 +/- 33.760 L(3 - 50) 
ttbar_maxPt_sigmaR =  23.510 +/- 31.652 L(3 - 50) 
ttbar_maxPt_alphaL =  0.0013587 +/- 6.8116 L(0 - 10) 
ttbar_maxPt_alphaR =  0.00000014660 +/- 9.9945 L(0 - 10) 

other_maxPt_mean =  32.508 +/- 1.0901 L(20 - 50) 
other_maxPt_sigmaL =  3.2915 +/- 0.63612 L(3 - 50) 
other_maxPt_sigmaR =  6.4340 +/- 0.93248 L(3 - 50) 
other_maxPt_alphaL =  0.0000012393 +/- 0.039215 L(0 - 10) 
other_maxPt_alphaR =  0.049765 +/- 0.040346 L(0 - 10) 

# PROJ. MET
sig_projMet_mean =  67.157 +/- 59.335 L(0 - 180) 
sig_projMet_sigmaL =  15.124 +/- 72.595 L(5 - 100) 
sig_projMet_sigmaR =  7.2305 +/- 93.742 L(5 - 100) 
sig_projMet_alphaL =  0.17604 +/- 3.7788 L(0 - 40) 
sig_projMet_alphaR =  0.085105 +/- 3.3184 L(0 - 40) 

WW_projMet_mean =  61.850 +/- 37.672 L(20 - 80) 
WW_projMet_sigmaL =  46.167 +/- 55.153 L(3 - 80) 
WW_projMet_sigmaR =  8.3196 +/- 72.856 L(3 - 80) 
WW_projMet_alphaL =  0.17223 +/- 8.8141 L(0 - 10) 
WW_projMet_alphaR =  0.11702 +/- 0.81274 L(0 - 10) 

ttbar_projMet_mean =  35.164 +/- 95.526 L(0 - 180) 
ttbar_projMet_sigma =  21.627 +/- 66.109 L(5 - 100) 

other_projMet_mean =  0.25707 +/- 3.7762 L(0 - 20) 
other_projMet_sigmaL =  10.051 +/- 0.11406 C L(3 - 100) 
other_projMet_sigmaR =  6.1851 +/- 1.0615 L(3 - 30) 
other_projMet_alphaL =  0.0000000069176 +/- 0.0026527 C L(0 - 10) 
other_projMet_alphaR =  0.070700 +/- 0.033741 L(0 - 10) 

N_sig =  42.0 +/- 85.901 L(-100 - 900000) 
N_WW =  53.0 +/- 62.073 L(-100 - 900000) 
N_ttbar =  127.0 +/- 89.756 L(-500 - 10000) 
N_other =  109.0 +/- 0.90510 L(-500 - 1000000) 


   [Observables]

jetcat = 0  C L(0 - 1)
projMet   = 40 C L(0 - 250)
deltaPhi = 10 C L(0 - 180)
expCosDphi = 0 C L(0.367879 - 2.7182818)
maxPtEle = 20 C L(0 - 150)
eleInvMass = 10 C L(0 - 150)
bTagImpPar = 1 C L(-1000 - 2)
weight = 1 C L(-100 - 10000)
