sig_ee_deltaPhi_mean =  48.042 +/- 15.095 L(0 - 180) 
sig_ee_deltaPhi_sigmaL =  45.050 +/- 20.100 L(10 - 100) 
sig_ee_deltaPhi_sigmaR =  41.076 +/- 16.821 L(10 - 100) 
sig_ee_deltaPhi_alphaL =  0.000022325 +/- 1.1425 L(0 - 40) 
sig_ee_deltaPhi_alphaR =  0.51285 +/- 0.19833 L(0 - 40) 

sig_ee_maxPt_mean =  32.000 +/- 0.21186 L(32 - 60) 
sig_ee_maxPt_sigmaL =  5.0746 +/- 0.21238 L(3 - 8) 
sig_ee_maxPt_sigmaR =  7.8469 +/- 0.37841 L(3 - 9) 
sig_ee_maxPt_alphaL =  0.00000000060770 +/- 0.010801 L(0 - 40) 
sig_ee_maxPt_alphaR =  0.10096 +/- 0.014123 L(0 - 40) 

sig_ee_projMet_mean =  48.578 +/- 1.2055 L(0 - 180) 
sig_ee_projMet_sigmaL =  14.277 +/- 1.9333 L(5 - 100) 
sig_ee_projMet_sigmaR =  5.4622 +/- 0.72841 L(5 - 100) 
sig_ee_projMet_alphaL =  0.26009 +/- 0.067086 L(0 - 40) 
sig_ee_projMet_alphaR =  0.10847 +/- 0.016558 L(0 - 40) 

