sig_deltaPhi_mean =  5.7299 +/- 0.85752 L(0 - 180) 
sig_deltaPhi_sigmaL =  97.803 +/- 4.7602 L(5 - 100) 
sig_deltaPhi_sigmaR =  70.128 +/- 1.3876 L(5 - 100) 
sig_deltaPhi_alphaL =  14.719 +/- 16.232 L(0 - 40) 
sig_deltaPhi_alphaR =  0.000000011347 +/- 0.077654 L(0 - 40) 

sig_maxPt_mean =  10.000 +/- 1.2948 L(10 - 50) 
sig_maxPt_sigmaL =  49.342 +/- 10.501 L(3 - 50) 
sig_maxPt_sigmaR =  14.268 +/- 0.31222 L(3 - 50) 
sig_maxPt_alphaL =  0.25126 +/- 0.34967 L(0 - 10) 
sig_maxPt_alphaR =  0.12152 +/- 0.0037473 L(0 - 10) 

sig_met_mean =  41.938 +/- 0.22836 L(0 - 180) 
sig_met_sigmaL =  6.3261 +/- 0.15952 L(5 - 100) 
sig_met_sigmaR =  13.205 +/- 0.28983 L(5 - 100) 
sig_met_alphaL =  0.00000000000025 +/- 0.0035925 L(0 - 40) 
sig_met_alphaR =  0.12896 +/- 0.0056779 L(0 - 40) 
