sig_deltaPhi_mean =  27.676 +/- 3.0648 L(0 - 180) 
sig_deltaPhi_sigmaL =  15.147 +/- 5.1494 L(10 - 100) 
sig_deltaPhi_sigmaR =  77.292 +/- 6.7628 L(10 - 100) 
sig_deltaPhi_alphaL =  1.0018 +/- 0.50010 L(0 - 40) 
sig_deltaPhi_alphaR =  0.17355 +/- 0.10596 L(0 - 40) 

sig_maxPt_mean =  32.000 +/- 0.091181 L(32 - 60) 
sig_maxPt_sigmaL =  5.0643 +/- 0.092729 L(3 - 8) 
sig_maxPt_sigmaR =  9.0000 +/- 0.18893 L(3 - 9) 
sig_maxPt_alphaL =  0.00000000000445 +/- 0.0030833 L(0 - 40) 
sig_maxPt_alphaR =  0.13158 +/- 0.0043167 L(0 - 40) 

sig_projMet_mean =  51.210 +/- 0.63275 L(0 - 180) 
sig_projMet_sigmaL =  12.188 +/- 0.89234 L(5 - 100) 
sig_projMet_sigmaR =  7.2085 +/- 0.39235 L(5 - 100) 
sig_projMet_alphaL =  0.36723 +/- 0.027207 L(0 - 40) 
sig_projMet_alphaR =  0.10708 +/- 0.0075969 L(0 - 40) 
