sig_ee_deltaPhi_mean =  72.116 +/- 9.5081 L(0 - 180) 
sig_ee_deltaPhi_sigmaL =  99.992 +/- 55.725 L(10 - 100) 
sig_ee_deltaPhi_sigmaR =  47.300 +/- 11.519 L(10 - 100) 
sig_ee_deltaPhi_alphaL =  0.00030378 +/- 4.0034 L(0 - 40) 
sig_ee_deltaPhi_alphaR =  0.36136 +/- 0.18664 L(0 - 40) 

sig_ee_maxPt_mean =  32.000 +/- 0.19016 L(32 - 60) 
sig_ee_maxPt_sigmaL =  4.5899 +/- 0.12033 L(3 - 8) 
sig_ee_maxPt_sigmaR =  8.9206 +/- 0.25850 L(3 - 9) 
sig_ee_maxPt_alphaL =  0.000000014052 +/- 0.0065568 L(0 - 40) 
sig_ee_maxPt_alphaR =  0.096909 +/- 0.0091651 L(0 - 40) 

sig_ee_projMet_mean =  50.300 +/- 0.037915 L(0 - 180) 
sig_ee_projMet_sigmaL =  15.374 +/- 0.97421 L(5 - 100) 
sig_ee_projMet_sigmaR =  8.3241 +/- 0.45957 L(5 - 100) 
sig_ee_projMet_alphaL =  0.25126 +/- 0.040639 L(0 - 40) 
sig_ee_projMet_alphaR =  0.0077481 +/- 0.035507 L(0 - 40) 
