sig_deltaPhi_mean =  34.508 +/- 2.9582 L(0 - 180) 
sig_deltaPhi_sigmaL =  18.269 +/- 5.5879 L(1 - 100) 
sig_deltaPhi_sigmaR =  73.007 +/- 5.2572 L(1 - 100) 
sig_deltaPhi_alphaL =  1.3466 +/- 0.41108 L(0 - 40) 
sig_deltaPhi_alphaR =  0.40867 +/- 0.081175 L(0 - 40) 

sig_maxPt_mean =  33.659 +/- 0.16138 L(32 - 60) 
sig_maxPt_sigmaL =  6.5606 +/- 0.12023 L(3 - 8) 
sig_maxPt_sigmaR =  8.9998 +/- 0.0097348 L(3 - 9) 
sig_maxPt_alphaL =  0.000000016616 +/- 0.00060531 L(0 - 40) 
sig_maxPt_alphaR =  0.10940 +/- 0.0031612 L(0 - 40) 

sig_projMet_mean =  50.661 +/- 0.43575 L(0 - 180) 
sig_projMet_sigmaL =  14.791 +/- 0.68892 L(5 - 100) 
sig_projMet_sigmaR =  6.8432 +/- 0.23981 L(5 - 100) 
sig_projMet_alphaL =  0.35140 +/- 0.021581 L(0 - 40) 
sig_projMet_alphaR =  0.11802 +/- 0.0040483 L(0 - 40) 
