sig_deltaPhi_mean =  63.059 +/- 33.158 L(0 - 180) 
sig_deltaPhi_sigmaL =  59.921 +/- 40.828 L(1 - 100) 
sig_deltaPhi_sigmaR =  47.230 +/- 29.683 L(1 - 100) 
sig_deltaPhi_alphaL =  0.000013122 +/- 0.43068 L(0 - 40) 
sig_deltaPhi_alphaR =  0.25324 +/- 0.30861 L(0 - 40) 

sig_maxPt_mean =  34.479 +/- 0.68780 L(32 - 60) 
sig_maxPt_sigmaL =  5.6168 +/- 0.40070 L(3 - 8) 
sig_maxPt_sigmaR =  8.6064 +/- 0.61137 L(3 - 9) 
sig_maxPt_alphaL =  0.00000031748 +/- 0.014435 L(0 - 40) 
sig_maxPt_alphaR =  0.067365 +/- 0.020341 L(0 - 40) 

sig_projMet_mean =  54.462 +/- 1.5389 L(0 - 180) 
sig_projMet_sigmaL =  15.010 +/- 2.1039 L(5 - 100) 
sig_projMet_sigmaR =  7.6342 +/- 0.91769 L(5 - 100) 
sig_projMet_alphaL =  0.24926 +/- 0.058324 L(0 - 40) 
sig_projMet_alphaR =  0.084461 +/- 0.019393 L(0 - 40) 
