sig_mm_deltaPhi_mean =  30.336 +/- 0.0031273 L(0 - 180) 
sig_mm_deltaPhi_sigmaL =  13.204 +/- 0.018466 L(1 - 100) 
sig_mm_deltaPhi_sigmaR =  75.303 +/- 0.89136 L(1 - 100) 
sig_mm_deltaPhi_alphaL =  2.1820 +/- 0.0030358 L(0 - 40) 
sig_mm_deltaPhi_alphaR =  0.029326 +/- 0.030004 L(0 - 40) 

sig_mm_maxPt_mean =  34.917 +/- 0.0014905 L(32 - 60) 
sig_mm_maxPt_sigmaL =  6.1396 +/- 0.0011552 L(3 - 8) 
sig_mm_maxPt_sigmaR =  8.6746 +/- 0.0016195 L(3 - 9) 
sig_mm_maxPt_alphaL =  0.000090718 +/- 0.000014845 L(0 - 40) 
sig_mm_maxPt_alphaR =  0.10450 +/- 0.000053173 L(0 - 40) 

sig_mm_projMet_mean =  58.762 +/- 0.051745 L(0 - 180) 
sig_mm_projMet_sigmaL =  17.633 +/- 0.000038471 L(5 - 100) 
sig_mm_projMet_sigmaR =  6.0430 +/- 0.0015825 L(5 - 100) 
sig_mm_projMet_alphaL =  0.24247 +/- 0.00000013843 L(0 - 40) 
sig_mm_projMet_alphaR =  0.13607 +/- 0.0000097028 L(0 - 40) 
