sig_em_deltaPhi_mean =  24.686 +/- 0.85685 L(0 - 80) 
sig_em_deltaPhi_sigmaL =  5.3118 +/- 2.1461 L(1 - 100) 
sig_em_deltaPhi_sigmaR =  74.438 +/- 5.8221 L(1 - 100) 
sig_em_deltaPhi_alphaL =  2.3075 +/- 0.40186 L(0 - 40) 
sig_em_deltaPhi_alphaR =  0.40224 +/- 0.094406 L(0 - 40) 

sig_em_maxPt_mean =  34.787 +/- 0.23019 L(32 - 60) 
sig_em_maxPt_sigmaL =  6.6135 +/- 0.17178 L(3 - 8) 
sig_em_maxPt_sigmaR =  9.0000 +/- 0.027559 L(3 - 9) 
sig_em_maxPt_alphaL =  0.00000000006215 +/- 0.0018314 L(0 - 40) 
sig_em_maxPt_alphaR =  0.10848 +/- 0.0047873 L(0 - 40) 

sig_em_projMet_mean =  52.774 +/- 0.70004 L(0 - 180) 
sig_em_projMet_sigmaL =  15.969 +/- 1.0616 L(5 - 100) 
sig_em_projMet_sigmaR =  8.7127 +/- 0.46566 L(5 - 100) 
sig_em_projMet_alphaL =  0.33010 +/- 0.033447 L(0 - 40) 
sig_em_projMet_alphaR =  0.072048 +/- 0.011364 L(0 - 40) 
