sig_deltaPhi_mean =  26.368 +/- 4.2058 L(0 - 80) 
sig_deltaPhi_sigmaL =  5.2997 +/- 5.1508 L(1 - 100) 
sig_deltaPhi_sigmaR =  76.215 +/- 7.1094 L(1 - 100) 
sig_deltaPhi_alphaL =  2.4184 +/- 0.57245 L(0 - 40) 
sig_deltaPhi_alphaR =  0.064967 +/- 0.097563 L(0 - 40) 

sig_maxPt_mean =  36.215 +/- 0.0039054 L(32 - 60) 
sig_maxPt_sigmaL =  5.7806 +/- 0.00098204 L(3 - 8) 
sig_maxPt_sigmaR =  8.6723 +/- 0.00053969 L(3 - 9) 
sig_maxPt_alphaL =  0.00000023831 +/- 0.0000015478 L(0 - 40) 
sig_maxPt_alphaR =  0.10363 +/- 0.00059170 L(0 - 40) 

sig_projMet_mean =  60.480 +/- 0.026654 L(0 - 180) 
sig_projMet_sigmaL =  17.427 +/- 0.012497 L(5 - 100) 
sig_projMet_sigmaR =  7.4247 +/- 0.0058118 L(5 - 100) 
sig_projMet_alphaL =  0.23967 +/- 0.0011029 L(0 - 40) 
sig_projMet_alphaR =  0.10276 +/- 0.00065058 L(0 - 40) 
