sig_deltaPhi_mean =  32.478 +/- 7.8526 L(0 - 80) 
sig_deltaPhi_sigmaL =  11.440 +/- 15.514 L(1 - 100) 
sig_deltaPhi_sigmaR =  60.222 +/- 8.7679 L(1 - 100) 
sig_deltaPhi_alphaL =  2.0163 +/- 1.1927 L(0 - 40) 
sig_deltaPhi_alphaR =  0.11875 +/- 0.10595 L(0 - 40) 

sig_maxPt_mean =  36.947 +/- 0.75011 L(32 - 60) 
sig_maxPt_sigmaL =  6.3350 +/- 0.43942 L(3 - 8) 
sig_maxPt_sigmaR =  8.1423 +/- 0.58412 L(3 - 9) 
sig_maxPt_alphaL =  0.00000000048388 +/- 0.0086962 L(0 - 40) 
sig_maxPt_alphaR =  0.093861 +/- 0.014693 L(0 - 40) 

sig_projMet_mean =  58.879 +/- 1.4301 L(0 - 180) 
sig_projMet_sigmaL =  15.338 +/- 1.7442 L(5 - 100) 
sig_projMet_sigmaR =  8.5677 +/- 1.1166 L(5 - 100) 
sig_projMet_alphaL =  0.24285 +/- 0.045850 L(0 - 40) 
sig_projMet_alphaR =  0.046197 +/- 0.037071 L(0 - 40) 
