sig_mm_deltaPhi_mean =  49.553 +/- 6.8388 L(0 - 80) 
sig_mm_deltaPhi_sigmaL =  41.396 +/- 32.843 L(1 - 100) 
sig_mm_deltaPhi_sigmaR =  39.699 +/- 6.4172 L(1 - 100) 
sig_mm_deltaPhi_alphaL =  2.6228 +/- 3.1126 L(0 - 40) 
sig_mm_deltaPhi_alphaR =  0.39954 +/- 0.076005 L(0 - 40) 

sig_mm_maxPt_mean =  35.946 +/- 0.47689 L(32 - 60) 
sig_mm_maxPt_sigmaL =  5.8186 +/- 0.28863 L(3 - 8) 
sig_mm_maxPt_sigmaR =  8.3632 +/- 0.37121 L(3 - 9) 
sig_mm_maxPt_alphaL =  0.0000000022962 +/- 0.0062803 L(0 - 40) 
sig_mm_maxPt_alphaR =  0.11185 +/- 0.0083718 L(0 - 40) 

sig_mm_projMet_mean =  58.416 +/- 0.96654 L(0 - 180) 
sig_mm_projMet_sigmaL =  10.965 +/- 1.0842 L(5 - 100) 
sig_mm_projMet_sigmaR =  8.7251 +/- 0.61962 L(5 - 100) 
sig_mm_projMet_alphaL =  0.35563 +/- 0.026254 L(0 - 40) 
sig_mm_projMet_alphaR =  0.086071 +/- 0.013002 L(0 - 40) 
