sig_deltaPhi_mean =  26.176 +/- 101.84 C L(0 - 180) 
sig_deltaPhi_sigmaL =  16.165 +/- 80.165 C L(10 - 100) 
sig_deltaPhi_sigmaR =  50.173 +/- 37.528 C L(30 - 100) 
sig_deltaPhi_alphaL =  1.5284 +/- 30.224 C L(0 - 40) 
sig_deltaPhi_alphaR =  0.14768 +/- 32.063 C L(0 - 40) 

sig_maxPt_mean =  39.300 +/- 8.4619 C L(39 - 50) 
sig_maxPt_sigmaL =  5.2661 +/- 24.552 C L(3 - 50) 
sig_maxPt_sigmaR =  5.8816 +/- 34.692 C L(3 - 50) 
sig_maxPt_alphaL =  0.0021352 +/- 9.2828 C L(0 - 10) 
sig_maxPt_alphaR =  0.13622 +/- 0.35264 C L(0 - 10) 

sig_projMet_mean =  68.700 +/- 48.229 C L(0 - 180) 
sig_projMet_sigmaL =  14.813 +/- 60.003 C L(5 - 100) 
sig_projMet_sigmaR =  7.1062 +/- 90.160 C L(5 - 100) 
sig_projMet_alphaL =  0.19615 +/- 1.7836 C L(0 - 40) 
sig_projMet_alphaR =  0.095150 +/- 1.2102 C L(0 - 40) 
