sig_ee_deltaPhi_mean =  28.503 +/- 123.32 C L(0 - 180) 
sig_ee_deltaPhi_sigmaL =  29.087 +/- 71.865 C L(10 - 100) 
sig_ee_deltaPhi_sigmaR =  49.143 +/- 59.837 C L(30 - 100) 
sig_ee_deltaPhi_alphaL =  0.012717 +/- 23.797 C L(0 - 40) 
sig_ee_deltaPhi_alphaR =  0.16617 +/- 27.911 C L(0 - 40) 

sig_ee_maxPt_mean =  39.187 +/- 10.888 C L(39 - 50) 
sig_ee_maxPt_sigmaL =  5.2887 +/- 32.537 C L(3 - 50) 
sig_ee_maxPt_sigmaR =  6.0493 +/- 43.496 C L(3 - 50) 
sig_ee_maxPt_alphaL =  0.00029835 +/- 9.9639 C L(0 - 10) 
sig_ee_maxPt_alphaR =  0.10789 +/- 0.94694 C L(0 - 10) 

sig_ee_projMet_mean =  67.157 +/- 59.335 C L(0 - 180) 
sig_ee_projMet_sigmaL =  15.124 +/- 72.595 C L(5 - 100) 
sig_ee_projMet_sigmaR =  7.2305 +/- 93.742 C L(5 - 100) 
sig_ee_projMet_alphaL =  0.17604 +/- 3.7788 C L(0 - 40) 
sig_ee_projMet_alphaR =  0.085105 +/- 3.3184 C L(0 - 40) 
