sig_em_deltaPhi_mean =  36.739 +/- 0.14413 L(0 - 80) 
sig_em_deltaPhi_sigmaL =  32.322 +/- 0.32248 L(1 - 100) 
sig_em_deltaPhi_sigmaR =  46.277 +/- 0.13243 L(1 - 100) 
sig_em_deltaPhi_alphaL =  0.27747 +/- 0.0062519 L(0 - 40) 
sig_em_deltaPhi_alphaR =  0.20944 +/- 0.0020550 L(0 - 40) 

sig_em_maxPt_mean =  42.287 +/- 0.38588 L(32 - 60) 
sig_em_maxPt_sigmaL =  7.7668 +/- 0.31941 L(3 - 8) 
sig_em_maxPt_sigmaR =  7.5083 +/- 0.010945 L(3 - 9) 
sig_em_maxPt_alphaL =  0.000014253 +/- 0.000048432 L(0 - 40) 
sig_em_maxPt_alphaR =  0.11319 +/- 0.00061665 L(0 - 40) 

sig_em_projMet_mean =  69.071 +/- 0.030964 L(0 - 180) 
sig_em_projMet_sigmaL =  16.626 +/- 0.047639 L(5 - 100) 
sig_em_projMet_sigmaR =  8.0768 +/- 0.021182 L(5 - 100) 
sig_em_projMet_alphaL =  0.23758 +/- 0.0014058 L(0 - 40) 
sig_em_projMet_alphaR =  0.094783 +/- 0.00083251 L(0 - 40) 
