sig_deltaPhi_mean =  18.346 +/- 2.8776 L(0 - 80) 
sig_deltaPhi_sigmaL =  4.4589 +/- 7.8047 L(1 - 100) 
sig_deltaPhi_sigmaR =  58.142 +/- 3.3644 L(1 - 100) 
sig_deltaPhi_alphaL =  3.9135 +/- 1.6530 L(0 - 40) 
sig_deltaPhi_alphaR =  0.075712 +/- 0.037045 L(0 - 40) 

sig_maxPt_mean =  41.842 +/- 0.46795 L(32 - 60) 
sig_maxPt_sigmaL =  7.6448 +/- 0.28333 L(3 - 8) 
sig_maxPt_sigmaR =  7.6548 +/- 0.33229 L(3 - 9) 
sig_maxPt_alphaL =  0.00000000026246 +/- 0.0037514 L(0 - 40) 
sig_maxPt_alphaR =  0.12242 +/- 0.0068521 L(0 - 40) 

sig_projMet_mean =  70.260 +/- 0.92273 L(0 - 180) 
sig_projMet_sigmaL =  14.910 +/- 0.99773 L(5 - 100) 
sig_projMet_sigmaR =  7.7252 +/- 0.54044 L(5 - 100) 
sig_projMet_alphaL =  0.23695 +/- 0.019478 L(0 - 40) 
sig_projMet_alphaR =  0.10737 +/- 0.0087175 L(0 - 40) 


