sig_deltaPhi_mean =  25.895 +/- 3.4831 L(0 - 80) 
sig_deltaPhi_sigmaL =  11.736 +/- 7.8481 L(1 - 100) 
sig_deltaPhi_sigmaR =  50.988 +/- 4.1885 L(1 - 100) 
sig_deltaPhi_alphaL =  2.8670 +/- 1.2762 L(0 - 40) 
sig_deltaPhi_alphaR =  0.10935 +/- 0.046677 L(0 - 40) 

sig_maxPt_mean =  42.009 +/- 0.57454 L(32 - 60) 
sig_maxPt_sigmaL =  7.5269 +/- 0.34511 L(3 - 8) 
sig_maxPt_sigmaR =  7.8850 +/- 0.48168 L(3 - 9) 
sig_maxPt_alphaL =  0.00000041843 +/- 0.0068344 L(0 - 40) 
sig_maxPt_alphaR =  0.054437 +/- 0.017760 L(0 - 40) 

sig_projMet_mean =  69.264 +/- 1.0327 L(0 - 180) 
sig_projMet_sigmaL =  16.566 +/- 1.3163 L(5 - 100) 
sig_projMet_sigmaR =  8.6294 +/- 0.58379 L(5 - 100) 
sig_projMet_alphaL =  0.17718 +/- 0.029308 L(0 - 40) 
sig_projMet_alphaR =  0.00000081051 +/- 0.036777 L(0 - 40) 
