sig_deltaPhi_mean =  81.023 +/- 2.4427 L(0 - 180) 
sig_deltaPhi_sigmaL =  67.884 +/- 4.1786 L(1 - 100) 
sig_deltaPhi_sigmaR =  27.307 +/- 2.6589 L(1 - 100) 
sig_deltaPhi_alphaL =  0.0000013197 +/- 0.096766 L(0 - 40) 
sig_deltaPhi_alphaR =  0.48215 +/- 0.041836 L(0 - 40) 

sig_projMet_mean =  73.646 +/- 0.65168 L(50 - 100) 
sig_projMet_sigmaL =  19.178 +/- 0.87941 L(5 - 30) 
sig_projMet_sigmaR =  9.0942 +/- 0.40149 L(5 - 20) 
sig_projMet_alphaL =  0.32432 +/- 0.018228 L(0 - 40) 
sig_projMet_alphaR =  0.10093 +/- 0.0065531 L(0 - 40) 

sig_maxPt_mean =  44.946 +/- 0.38388 L(32 - 60) 
sig_maxPt_sigmaL =  9.0689 +/- 0.22716 L(3 - 20) 
sig_maxPt_sigmaR =  13.952 +/- 0.33663 L(3 - 20) 
sig_maxPt_alphaL =  0.0000000092713 +/- 0.0015209 L(0 - 40) 
sig_maxPt_alphaR =  0.072136 +/- 0.0065934 L(0 - 40) 
