sig_mm_deltaPhi_mean =  72.235 +/- 0.047358 L(0 - 180) 
sig_mm_deltaPhi_sigmaL =  73.144 +/- 5.0424 L(1 - 100) 
sig_mm_deltaPhi_sigmaR =  22.861 +/- 1.2199 L(1 - 100) 
sig_mm_deltaPhi_alphaL =  0.000011864 +/- 0.58230 L(0 - 40) 
sig_mm_deltaPhi_alphaR =  0.36168 +/- 0.024096 L(0 - 40) 

sig_mm_maxPt_mean =  42.203 +/- 0.21150 L(32 - 60) 
sig_mm_maxPt_sigmaL =  8.2338 +/- 0.14217 L(3 - 20) 
sig_mm_maxPt_sigmaR =  14.454 +/- 0.22617 L(3 - 20) 
sig_mm_maxPt_alphaL =  0.000000072481 +/- 0.0026525 L(0 - 40) 
sig_mm_maxPt_alphaR =  0.094580 +/- 0.0053234 L(0 - 40) 

sig_mm_projMet_mean =  74.362 +/- 0.30442 L(0 - 180) 
sig_mm_projMet_sigmaL =  18.329 +/- 0.49062 L(5 - 100) 
sig_mm_projMet_sigmaR =  9.3717 +/- 0.20816 L(5 - 100) 
sig_mm_projMet_alphaL =  0.28171 +/- 0.012603 L(0 - 40) 
sig_mm_projMet_alphaR =  0.091104 +/- 0.0064205 L(0 - 40) 
