sig_deltaPhi_mean =  75.350 +/- 12.691 L(0 - 180) 
sig_deltaPhi_sigmaL =  50.198 +/- 18.910 L(1 - 100) 
sig_deltaPhi_sigmaR =  19.161 +/- 11.130 L(1 - 100) 
sig_deltaPhi_alphaL =  0.85005 +/- 0.58383 L(0 - 40) 
sig_deltaPhi_alphaR =  0.39064 +/- 0.12720 L(0 - 40) 

sig_maxPt_mean =  39.840 +/- 0.66076 L(32 - 60) 
sig_maxPt_sigmaL =  7.1267 +/- 0.38460 L(3 - 20) 
sig_maxPt_sigmaR =  17.178 +/- 0.70006 L(3 - 20) 
sig_maxPt_alphaL =  0.00000000067263 +/- 0.0068139 L(0 - 40) 
sig_maxPt_alphaR =  0.015828 +/- 0.016436 L(0 - 40) 

sig_projMet_mean =  72.773 +/- 0.64248 L(0 - 180) 
sig_projMet_sigmaL =  18.403 +/- 0.92718 L(5 - 100) 
sig_projMet_sigmaR =  9.5586 +/- 0.44554 L(5 - 100) 
sig_projMet_alphaL =  0.25517 +/- 0.022213 L(0 - 40) 
sig_projMet_alphaR =  0.077612 +/- 0.012123 L(0 - 40) 
