sig_deltaPhi_mean =  94.923 +/- 2.2214 L(40 - 100) 
sig_deltaPhi_sigmaL =  65.299 +/- 8.6576 L(1 - 100) 
sig_deltaPhi_sigmaR =  15.688 +/- 2.2084 L(1 - 100) 
sig_deltaPhi_alphaL =  0.22355 +/- 0.29367 L(0 - 40) 
sig_deltaPhi_alphaR =  0.65545 +/- 0.044850 L(0 - 40) 

sig_maxPt_mean =  43.834 +/- 0.52594 L(32 - 60) 
sig_maxPt_sigmaL =  8.6843 +/- 0.31429 L(3 - 20) 
sig_maxPt_sigmaR =  16.261 +/- 0.47736 L(3 - 20) 
sig_maxPt_alphaL =  0.000000018284 +/- 0.0036473 L(0 - 40) 
sig_maxPt_alphaR =  0.070463 +/- 0.0085848 L(0 - 40) 

sig_projMet_mean =  73.919 +/- 0.93000 L(50 - 100) 
sig_projMet_sigmaL =  19.009 +/- 1.3624 L(5 - 30) 
sig_projMet_sigmaR =  9.5650 +/- 0.55557 L(5 - 20) 
sig_projMet_alphaL =  0.38445 +/- 0.028412 L(0 - 40) 
sig_projMet_alphaR =  0.10820 +/- 0.0081209 L(0 - 40) 
