sig_ee_deltaPhi_mean =  76.657 +/- 4.3690 L(40 - 100) 
sig_ee_deltaPhi_sigmaL =  55.233 +/- 5.9149 L(1 - 100) 
sig_ee_deltaPhi_sigmaR =  19.269 +/- 3.5236 L(1 - 100) 
sig_ee_deltaPhi_alphaL =  0.00000086789 +/- 0.30093 L(0 - 40) 
sig_ee_deltaPhi_alphaR =  0.37552 +/- 0.045853 L(0 - 40) 

sig_ee_maxPt_mean =  38.999 +/- 1.1396 L(32 - 60) 
sig_ee_maxPt_sigmaL =  6.6888 +/- 0.65304 L(3 - 20) 
sig_ee_maxPt_sigmaR =  18.492 +/- 1.0460 L(3 - 20) 
sig_ee_maxPt_alphaL =  0.000000033696 +/- 0.017413 L(0 - 40) 
sig_ee_maxPt_alphaR =  0.020082 +/- 0.019588 L(0 - 40) 

sig_ee_projMet_mean =  71.048 +/- 1.6500 L(50 - 100) 
sig_ee_projMet_sigmaL =  16.614 +/- 1.9845 L(5 - 30) 
sig_ee_projMet_sigmaR =  12.213 +/- 0.91382 L(5 - 20) 
sig_ee_projMet_alphaL =  0.31252 +/- 0.040518 L(0 - 40) 
sig_ee_projMet_alphaR =  0.00000053192 +/- 0.022969 L(0 - 40) 
