sig_mm_deltaPhi_mean =  78.285 +/- 3.2477 L(40 - 100) 
sig_mm_deltaPhi_sigmaL =  66.111 +/- 6.5036 L(1 - 100) 
sig_mm_deltaPhi_sigmaR =  18.104 +/- 2.9641 L(1 - 100) 
sig_mm_deltaPhi_alphaL =  0.000036491 +/- 0.23371 L(0 - 40) 
sig_mm_deltaPhi_alphaR =  0.46157 +/- 0.042607 L(0 - 40) 

sig_mm_maxPt_mean =  39.599 +/- 0.038790 L(32 - 60) 
sig_mm_maxPt_sigmaL =  7.0031 +/- 0.18174 L(3 - 20) 
sig_mm_maxPt_sigmaR =  18.293 +/- 0.54782 L(3 - 20) 
sig_mm_maxPt_alphaL =  0.000088856 +/- 0.038742 L(0 - 40) 
sig_mm_maxPt_alphaR =  0.063090 +/- 0.012890 L(0 - 40) 

sig_mm_projMet_mean =  74.681 +/- 0.024022 L(50 - 100) 
sig_mm_projMet_sigmaL =  20.464 +/- 1.1713 L(5 - 30) 
sig_mm_projMet_sigmaR =  10.451 +/- 0.35672 L(5 - 20) 
sig_mm_projMet_alphaL =  0.26989 +/- 0.032175 L(0 - 40) 
sig_mm_projMet_alphaR =  0.11752 +/- 0.0087886 L(0 - 40) 
