sig_deltaPhi_mean =  85.966 +/- 1.9937 L(40 - 100) 
sig_deltaPhi_sigmaL =  58.370 +/- 8.7801 L(1 - 100) 
sig_deltaPhi_sigmaR =  8.0875 +/- 0.0052393 L(1 - 100) 
sig_deltaPhi_alphaL =  0.057451 +/- 0.26097 L(0 - 40) 
sig_deltaPhi_alphaR =  0.54621 +/- 0.054014 L(0 - 40) 

sig_maxPt_mean =  39.735 +/- 1.5509 L(32 - 60) 
sig_maxPt_sigmaL =  6.6719 +/- 0.88371 L(3 - 20) 
sig_maxPt_sigmaR =  18.392 +/- 1.6404 L(3 - 20) 
sig_maxPt_alphaL =  0.000022481 +/- 0.061370 L(0 - 40) 
sig_maxPt_alphaR =  0.094594 +/- 0.028885 L(0 - 40) 

sig_projMet_mean =  75.164 +/- 2.4175 L(50 - 100) 
sig_projMet_sigmaL =  22.456 +/- 3.4623 L(5 - 30) 
sig_projMet_sigmaR =  10.151 +/- 1.4216 L(5 - 20) 
sig_projMet_alphaL =  0.20956 +/- 0.083198 L(0 - 40) 
sig_projMet_alphaR =  0.12113 +/- 0.020190 L(0 - 40) 
