sig_deltaPhi_mean =  92.139 +/- 4.0606 L(40 - 100) 
sig_deltaPhi_sigmaL =  44.829 +/- 11.190 L(1 - 100) 
sig_deltaPhi_sigmaR =  15.700 +/- 4.3516 L(1 - 100) 
sig_deltaPhi_alphaL =  0.46751 +/- 0.30072 L(0 - 40) 
sig_deltaPhi_alphaR =  0.54417 +/- 0.080209 L(0 - 40) 

sig_maxPt_mean =  43.267 +/- 1.1827 L(32 - 60) 
sig_maxPt_sigmaL =  8.4759 +/- 0.69197 L(3 - 20) 
sig_maxPt_sigmaR =  18.085 +/- 1.2033 L(3 - 20) 
sig_maxPt_alphaL =  0.0000000009574 +/- 0.021157 L(0 - 40) 
sig_maxPt_alphaR =  0.052585 +/- 0.023270 L(0 - 40) 

sig_projMet_mean =  73.918 +/- 1.7272 L(50 - 100) 
sig_projMet_sigmaL =  19.604 +/- 2.6316 L(5 - 30) 
sig_projMet_sigmaR =  10.847 +/- 1.1653 L(5 - 20) 
sig_projMet_alphaL =  0.32694 +/- 0.059500 L(0 - 40) 
sig_projMet_alphaR =  0.095387 +/- 0.020766 L(0 - 40) 
