sig_deltaPhi_mean =  75.688 +/- 11.006 L(40 - 100) 
sig_deltaPhi_sigmaL =  26.700 +/- 14.059 L(1 - 100) 
sig_deltaPhi_sigmaR =  17.717 +/- 8.7847 L(1 - 100) 
sig_deltaPhi_alphaL =  0.64014 +/- 0.30328 L(0 - 40) 
sig_deltaPhi_alphaR =  0.47384 +/- 0.11278 L(0 - 40) 

sig_maxPt_mean =  40.509 +/- 1.7571 L(32 - 60) 
sig_maxPt_sigmaL =  8.4653 +/- 1.1743 L(3 - 20) 
sig_maxPt_sigmaR =  20.000 +/- 3.0315 L(3 - 20) 
sig_maxPt_alphaL =  0.00000000049814 +/- 0.067426 L(0 - 40) 
sig_maxPt_alphaR =  0.053762 +/- 0.031621 L(0 - 40) 

sig_projMet_mean =  72.596 +/- 3.2676 L(50 - 100) 
sig_projMet_sigmaL =  14.832 +/- 5.8607 L(5 - 30) 
sig_projMet_sigmaR =  14.237 +/- 1.8086 L(5 - 20) 
sig_projMet_alphaL =  0.52518 +/- 0.13723 L(0 - 40) 
sig_projMet_alphaR =  0.0000000024643 +/- 0.10599 L(0 - 40) 
