sig_ee_deltaPhi_mean =  78.787 +/- 0.98825 L(40 - 100) 
sig_ee_deltaPhi_sigmaL =  39.591 +/- 2.1990 L(1 - 100) 
sig_ee_deltaPhi_sigmaR =  19.302 +/- 0.92174 L(1 - 100) 
sig_ee_deltaPhi_alphaL =  0.56267 +/- 0.086258 L(0 - 40) 
sig_ee_deltaPhi_alphaR =  0.46990 +/- 0.020903 L(0 - 40) 

sig_ee_maxPt_mean =  39.399 +/- 0.041730 L(32 - 60) 
sig_ee_maxPt_sigmaL =  6.9867 +/- 0.14383 L(3 - 20) 
sig_ee_maxPt_sigmaR =  19.523 +/- 0.27956 L(3 - 20) 
sig_ee_maxPt_alphaL =  0.00000000002276 +/- 0.0041874 L(0 - 40) 
sig_ee_maxPt_alphaR =  0.028005 +/- 0.0076848 L(0 - 40) 

sig_ee_projMet_mean =  63.795 +/- 2.7129 L(50 - 100) 
sig_ee_projMet_sigmaL =  14.652 +/- 0.62899 L(5 - 30) 
sig_ee_projMet_sigmaR =  18.274 +/- 4.0110 L(5 - 20) 
sig_ee_projMet_alphaL =  0.38090 +/- 0.020385 L(0 - 40) 
sig_ee_projMet_alphaR =  0.0000026168 +/- 35.094 L(0 - 40) 
