sig_deltaPhi_mean =  79.089 +/- 3.4602 L(40 - 100) 
sig_deltaPhi_sigmaL =  35.758 +/- 7.9686 L(1 - 100) 
sig_deltaPhi_sigmaR =  20.833 +/- 3.2785 L(1 - 100) 
sig_deltaPhi_alphaL =  0.72883 +/- 0.23853 L(0 - 40) 
sig_deltaPhi_alphaR =  0.43097 +/- 0.050359 L(0 - 40) 

sig_maxPt_mean =  38.291 +/- 0.85158 L(32 - 60) 
sig_maxPt_sigmaL =  6.5218 +/- 0.51509 L(3 - 20) 
sig_maxPt_sigmaR =  19.990 +/- 10.396 L(3 - 20) 
sig_maxPt_alphaL =  0.00000015213 +/- 0.018169 L(0 - 40) 
sig_maxPt_alphaR =  0.068849 +/- 0.013682 L(0 - 40) 

sig_projMet_mean =  71.548 +/- 1.5668 L(50 - 100) 
sig_projMet_sigmaL =  19.406 +/- 2.2864 L(5 - 30) 
sig_projMet_sigmaR =  13.204 +/- 1.0576 L(5 - 20) 
sig_projMet_alphaL =  0.33439 +/- 0.052820 L(0 - 40) 
sig_projMet_alphaR =  0.10189 +/- 0.015183 L(0 - 40) 
