sig_em_deltaPhi_mean =  84.544 +/- 2.0167 L(40 - 100) 
sig_em_deltaPhi_sigmaL =  34.536 +/- 0.085242 L(1 - 100) 
sig_em_deltaPhi_sigmaR =  26.093 +/- 0.0028796 L(1 - 100) 
sig_em_deltaPhi_alphaL =  0.59608 +/- 0.0074672 L(0 - 40) 
sig_em_deltaPhi_alphaR =  0.54994 +/- 0.064930 L(0 - 40) 

sig_em_maxPt_mean =  42.568 +/- 0.027124 L(32 - 60) 
sig_em_maxPt_sigmaL =  8.2140 +/- 0.019150 L(3 - 20) 
sig_em_maxPt_sigmaR =  19.945 +/- 0.042341 L(3 - 20) 
sig_em_maxPt_alphaL =  0.00019865 +/- 0.00025562 L(0 - 40) 
sig_em_maxPt_alphaR =  0.041494 +/- 0.00087048 L(0 - 40) 

sig_em_projMet_mean =  69.484 +/- 0.068962 L(50 - 100) 
sig_em_projMet_sigmaL =  17.570 +/- 0.082182 L(5 - 30) 
sig_em_projMet_sigmaR =  13.487 +/- 0.012333 L(5 - 20) 
sig_em_projMet_alphaL =  0.44868 +/- 0.0026940 L(0 - 40) 
sig_em_projMet_alphaR =  0.095276 +/- 0.00083038 L(0 - 40) 
