sig_deltaPhi_mean =  88.782 +/- 4.8240 L(40 - 100) 
sig_deltaPhi_sigmaL =  26.858 +/- 6.3282 L(1 - 100) 
sig_deltaPhi_sigmaR =  24.312 +/- 5.0958 L(1 - 100) 
sig_deltaPhi_alphaL =  0.69239 +/- 0.11701 L(0 - 40) 
sig_deltaPhi_alphaR =  0.68039 +/- 0.088421 L(0 - 40) 

sig_maxPt_mean =  43.173 +/- 0.60755 L(32 - 60) 
sig_maxPt_sigmaL =  8.4683 +/- 0.41191 L(3 - 20) 
sig_maxPt_sigmaR =  20.000 +/- 0.19130 L(3 - 20) 
sig_maxPt_alphaL =  0.0000011895 +/- 0.0084105 L(0 - 40) 
sig_maxPt_alphaR =  0.078578 +/- 0.0075860 L(0 - 40) 

sig_projMet_mean =  70.674 +/- 1.6092 L(50 - 100) 
sig_projMet_sigmaL =  18.946 +/- 2.5576 L(5 - 30) 
sig_projMet_sigmaR =  13.914 +/- 1.0081 L(5 - 20) 
sig_projMet_alphaL =  0.54743 +/- 0.059589 L(0 - 40) 
sig_projMet_alphaR =  0.10346 +/- 0.012631 L(0 - 40) 
