sig_deltaPhi_mean =  81.357 +/- 4.1001 L(40 - 100) 
sig_deltaPhi_sigmaL =  34.681 +/- 8.6888 L(1 - 100) 
sig_deltaPhi_sigmaR =  19.120 +/- 5.0146 L(1 - 100) 
sig_deltaPhi_alphaL =  0.23444 +/- 0.24634 L(0 - 40) 
sig_deltaPhi_alphaR =  0.39846 +/- 0.080392 L(0 - 40) 

sig_maxPt_mean =  38.855 +/- 1.0988 L(32 - 60) 
sig_maxPt_sigmaL =  7.0740 +/- 0.74558 L(3 - 20) 
sig_maxPt_sigmaR =  20.000 +/- 0.55804 L(3 - 20) 
sig_maxPt_alphaL =  0.00000025735 +/- 0.039420 L(0 - 40) 
sig_maxPt_alphaR =  0.081984 +/- 0.014502 L(0 - 40) 

sig_projMet_mean =  73.124 +/- 2.2800 L(50 - 100) 
sig_projMet_sigmaL =  25.305 +/- 3.6992 L(5 - 30) 
sig_projMet_sigmaR =  11.072 +/- 1.5259 L(5 - 20) 
sig_projMet_alphaL =  0.18908 +/- 0.096817 L(0 - 40) 
sig_projMet_alphaR =  0.12304 +/- 0.021594 L(0 - 40) 
