sig_deltaPhi_mean =  82.077 +/- 4.0792 L(40 - 100) 
sig_deltaPhi_sigmaL =  41.274 +/- 12.352 L(1 - 100) 
sig_deltaPhi_sigmaR =  17.533 +/- 3.7800 L(1 - 100) 
sig_deltaPhi_alphaL =  0.43284 +/- 0.38336 L(0 - 40) 
sig_deltaPhi_alphaR =  0.54514 +/- 0.065325 L(0 - 40) 

sig_maxPt_mean =  38.945 +/- 0.84320 L(32 - 60) 
sig_maxPt_sigmaL =  7.4304 +/- 0.57329 L(3 - 20) 
sig_maxPt_sigmaR =  20.000 +/- 0.31711 L(3 - 20) 
sig_maxPt_alphaL =  0.00000045768 +/- 0.018112 L(0 - 40) 
sig_maxPt_alphaR =  0.11695 +/- 0.0077958 L(0 - 40) 

sig_projMet_mean =  67.966 +/- 2.4401 L(50 - 100) 
sig_projMet_sigmaL =  15.642 +/- 2.8745 L(5 - 30) 
sig_projMet_sigmaR =  17.535 +/- 2.0416 L(5 - 20) 
sig_projMet_alphaL =  0.50384 +/- 0.068575 L(0 - 40) 
sig_projMet_alphaR =  0.043907 +/- 0.038429 L(0 - 40) 
