sig_mm_deltaPhi_mean =  170.04 +/- 0.054139 L(40 - 180) 
sig_mm_deltaPhi_sigmaL =  29.267 +/- 0.19044 L(1 - 100) 
sig_mm_deltaPhi_sigmaR =  93.329 +/- 9.8673 L(1 - 100) 
sig_mm_deltaPhi_alphaL =  0.11241 +/- 0.0024650 L(0 - 40) 
sig_mm_deltaPhi_alphaR =  39.795 +/- 39.889 L(0 - 40) 

sig_mm_maxPt_mean =  92.746 +/- 0.22509 L(32 - 100) 
sig_mm_maxPt_sigmaL =  23.816 +/- 0.17130 L(3 - 40) 
sig_mm_maxPt_sigmaR =  40.000 +/- 0.099039 L(3 - 40) 
sig_mm_maxPt_alphaL =  0.000000071325 +/- 0.00050356 L(0 - 40) 
sig_mm_maxPt_alphaR =  0.050086 +/- 0.0028439 L(0 - 40) 

sig_mm_projMet_mean =  55.947 +/- 0.27116 L(50 - 100) 
sig_mm_projMet_sigmaL =  5.0576 +/- 1.4117 L(5 - 30) 
sig_mm_projMet_sigmaR =  25.451 +/- 0.19246 L(5 - 30) 
sig_mm_projMet_alphaL =  27.485 +/- 1.6471 L(0 - 40) 
sig_mm_projMet_alphaR =  0.058862 +/- 0.0036345 L(0 - 40) 

