sig_deltaPhi_mean =  166.57 +/- 2.9161 L(40 - 180) 
sig_deltaPhi_sigmaL =  27.373 +/- 1.7746 L(1 - 100) 
sig_deltaPhi_sigmaR =  99.984 +/- 98.990 L(1 - 100) 
sig_deltaPhi_alphaL =  0.11325 +/- 0.013392 L(0 - 40) 
sig_deltaPhi_alphaR =  39.996 +/- 38.967 L(0 - 40) 

sig_maxPt_mean =  96.276 +/- 2.2239 L(30 - 150) 
sig_maxPt_sigmaL =  26.528 +/- 1.3124 L(3 - 60) 
sig_maxPt_sigmaR =  38.127 +/- 1.7581 L(3 - 60) 
sig_maxPt_alphaL =  0.000000033616 +/- 0.0030147 L(0 - 40) 
sig_maxPt_alphaR =  0.038689 +/- 0.012193 L(0 - 40) 

sig_projMet_mean =  58.830 +/- 1.9714 L(0 - 100) 
sig_projMet_sigmaL =  5.0000 +/- 24.335 L(5 - 30) 
sig_projMet_sigmaR =  23.865 +/- 1.4252 L(5 - 30) 
sig_projMet_alphaL =  40.000 +/- 33.588 L(0 - 40) 
sig_projMet_alphaR =  0.081467 +/- 0.014819 L(0 - 40) 
