sig_deltaPhi_mean =  158.29 +/- 3.7189 L(40 - 180) 
sig_deltaPhi_sigmaL =  21.010 +/- 2.3554 L(1 - 100) 
sig_deltaPhi_sigmaR =  98.914 +/- 58.524 L(1 - 100) 
sig_deltaPhi_alphaL =  0.13332 +/- 0.020594 L(0 - 40) 
sig_deltaPhi_alphaR =  39.111 +/- 33.739 L(0 - 40) 

sig_maxPt_mean =  97.538 +/- 3.0120 L(32 - 100) 
sig_maxPt_sigmaL =  24.107 +/- 1.8055 L(3 - 40) 
sig_maxPt_sigmaR =  35.193 +/- 2.4982 L(3 - 40) 
sig_maxPt_alphaL =  0.0000000010381 +/- 0.013273 L(0 - 40) 
sig_maxPt_alphaR =  0.055773 +/- 0.019239 L(0 - 40) 

sig_projMet_mean =  61.364 +/- 6.5852 L(50 - 100) 
sig_projMet_sigmaL =  6.6568 +/- 19.373 L(5 - 30) 
sig_projMet_sigmaR =  21.447 +/- 4.6025 L(5 - 30) 
sig_projMet_alphaL =  33.097 +/- 3.6190 L(0 - 40) 
sig_projMet_alphaR =  0.056538 +/- 0.050792 L(0 - 40) 
