sig_deltaPhi_mean =  170.10 +/- 4.4814 L(40 - 180) 
sig_deltaPhi_sigmaL =  22.794 +/- 2.3320 L(1 - 100) 
sig_deltaPhi_sigmaR =  58.653 +/- 32.638 L(1 - 100) 
sig_deltaPhi_alphaL =  0.13870 +/- 0.016483 L(0 - 40) 
sig_deltaPhi_alphaR =  0.44501 +/- 8.2220 L(0 - 40) 

sig_maxPt_mean =  107.03 +/- 4.0788 L(30 - 150) 
sig_maxPt_sigmaL =  29.726 +/- 2.4191 L(3 - 60) 
sig_maxPt_sigmaR =  57.484 +/- 3.7676 L(3 - 60) 
sig_maxPt_alphaL =  0.00056569 +/- 0.0095318 L(0 - 40) 
sig_maxPt_alphaR =  0.032807 +/- 0.023122 L(0 - 40) 

sig_projMet_mean =  52.366 +/- 2.1921 L(0 - 100) 
sig_projMet_sigmaL =  29.968 +/- 14.990 L(5 - 30) 
sig_projMet_sigmaR =  29.996 +/- 1.7047 L(5 - 30) 
sig_projMet_alphaL =  20.689 +/- 2.9748 L(0 - 40) 
sig_projMet_alphaR =  0.078352 +/- 0.015899 L(0 - 40) 
