sig_deltaPhi_mean =  179.59 +/- 0.0019740 L(40 - 180) 
sig_deltaPhi_sigmaL =  27.230 +/- 0.0024171 L(1 - 100) 
sig_deltaPhi_sigmaR =  1.0757 +/- 0.012280 L(1 - 100) 
sig_deltaPhi_alphaL =  0.096411 +/- 0.000031529 L(0 - 40) 
sig_deltaPhi_alphaR =  5.3298 +/- 0.043309 L(0 - 40) 

sig_maxPt_mean =  104.45 +/- 5.9821 L(80 - 170) 
sig_maxPt_sigmaL =  28.683 +/- 3.2714 L(3 - 60) 
sig_maxPt_sigmaR =  59.988 +/- 5.0212 L(3 - 60) 
sig_maxPt_alphaL =  0.000000010191 +/- 0.0056029 L(0 - 40) 
sig_maxPt_alphaR =  0.0000038691 +/- 0.027467 L(0 - 40) 

sig_projMet_mean =  47.093 +/- 0.0063537 L(0 - 100) 
sig_projMet_sigmaL =  29.288 +/- 0.013641 L(5 - 30) 
sig_projMet_sigmaR =  29.863 +/- 0.0023257 L(5 - 30) 
sig_projMet_alphaL =  39.890 +/- 0.0061898 L(0 - 40) 
sig_projMet_alphaR =  0.082118 +/- 0.000045765 L(0 - 40) 
