sig_ee_deltaPhi_mean =  163.64 +/- 0.59986 L(40 - 180) 
sig_ee_deltaPhi_sigmaL =  17.437 +/- 0.61467 L(1 - 100) 
sig_ee_deltaPhi_sigmaR =  99.969 +/- 96.864 L(1 - 100) 
sig_ee_deltaPhi_alphaL =  0.14269 +/- 0.0095579 L(0 - 40) 
sig_ee_deltaPhi_alphaR =  39.986 +/- 38.837 L(0 - 40) 

sig_ee_maxPt_mean =  103.40 +/- 1.5043 L(30 - 150) 
sig_ee_maxPt_sigmaL =  27.083 +/- 1.0300 L(3 - 60) 
sig_ee_maxPt_sigmaR =  57.618 +/- 1.6664 L(3 - 60) 
sig_ee_maxPt_alphaL =  0.00000011935 +/- 0.0091390 L(0 - 40) 
sig_ee_maxPt_alphaR =  0.026349 +/- 0.013709 L(0 - 40) 

sig_ee_projMet_mean =  52.191 +/- 20.491 L(0 - 100) 
sig_ee_projMet_sigmaL =  23.408 +/- 16.002 L(5 - 30) 
sig_ee_projMet_sigmaR =  30.000 +/- 2.0339 L(5 - 30) 
sig_ee_projMet_alphaL =  33.148 +/- 30.614 L(0 - 40) 
sig_ee_projMet_alphaR =  0.00000070138 +/- 0.087864 L(0 - 40) 
