sig_deltaPhi_mean =  179.98 +/- 5.7341 L(40 - 180) 
sig_deltaPhi_sigmaL =  24.729 +/- 0.44648 L(1 - 100) 
sig_deltaPhi_sigmaR =  99.062 +/- 22.324 L(1 - 100) 
sig_deltaPhi_alphaL =  0.11011 +/- 0.0057662 L(0 - 40) 
sig_deltaPhi_alphaR =  0.098416 +/- 34.299 L(0 - 40) 

sig_maxPt_mean =  120.93 +/- 1.0671 L(80 - 170) 
sig_maxPt_sigmaL =  36.884 +/- 0.10915 L(3 - 70) 
sig_maxPt_sigmaR =  69.999 +/- 0.40154 L(3 - 70) 
sig_maxPt_alphaL =  0.0000084575 +/- 0.0037977 L(0 - 40) 
sig_maxPt_alphaR =  0.047687 +/- 0.010476 L(0 - 40) 

sig_projMet_mean =  49.068 +/- 1.2896 L(0 - 100) 
sig_projMet_sigmaL =  19.474 +/- 17.736 L(5 - 30) 
sig_projMet_sigmaR =  29.974 +/- 2.2212 L(5 - 30) 
sig_projMet_alphaL =  36.983 +/- 32.769 L(0 - 40) 
sig_projMet_alphaR =  0.10305 +/- 0.0086887 L(0 - 40) 
