sig_deltaPhi_mean =  172.11 +/- 2.3492 L(40 - 180) 
sig_deltaPhi_sigmaL =  20.053 +/- 1.4001 L(1 - 100) 
sig_deltaPhi_sigmaR =  89.500 +/- 53.360 L(1 - 100) 
sig_deltaPhi_alphaL =  0.12679 +/- 0.012751 L(0 - 40) 
sig_deltaPhi_alphaR =  1.4163 +/- 8.4964 L(0 - 40) 

sig_maxPt_mean =  117.66 +/- 3.0675 L(80 - 170) 
sig_maxPt_sigmaL =  34.774 +/- 2.1520 L(3 - 70) 
sig_maxPt_sigmaR =  70.000 +/- 0.68629 L(3 - 70) 
sig_maxPt_alphaL =  0.0000000030165 +/- 0.0063232 L(0 - 40) 
sig_maxPt_alphaR =  0.0083809 +/- 0.016847 L(0 - 40) 

sig_projMet_mean =  50.596 +/- 5.4851 L(0 - 100) 
sig_projMet_sigmaL =  29.160 +/- 5.0855 L(5 - 30) 
sig_projMet_sigmaR =  28.338 +/- 3.3735 L(5 - 30) 
sig_projMet_alphaL =  39.972 +/- 8.2049 L(0 - 40) 
sig_projMet_alphaR =  0.097208 +/- 0.024558 L(0 - 40) 
