sig_em_deltaPhi_mean =  177.45 +/- 2.1056 L(40 - 180) 
sig_em_deltaPhi_sigmaL =  22.498 +/- 1.0836 L(1 - 100) 
sig_em_deltaPhi_sigmaR =  57.143 +/- 77.418 L(1 - 100) 
sig_em_deltaPhi_alphaL =  0.11484 +/- 0.0082414 L(0 - 40) 
sig_em_deltaPhi_alphaR =  0.34868 +/- 25.436 L(0 - 40) 

sig_em_maxPt_mean =  114.08 +/- 0.25236 L(80 - 170) 
sig_em_maxPt_sigmaL =  33.456 +/- 0.63625 L(3 - 80) 
sig_em_maxPt_sigmaR =  79.389 +/- 1.0353 L(3 - 80) 
sig_em_maxPt_alphaL =  0.00000000001671 +/- 0.0034579 L(0 - 40) 
sig_em_maxPt_alphaR =  0.00000000011161 +/- 0.0072841 L(0 - 40) 

sig_em_projMet_mean =  48.019 +/- 0.090151 L(0 - 100) 
sig_em_projMet_sigmaL =  1.0151 +/- 6.1341 L(1 - 30) 
sig_em_projMet_sigmaR =  29.988 +/- 0.72949 L(1 - 30) 
sig_em_projMet_alphaL =  39.958 +/- 34.502 L(0 - 40) 
sig_em_projMet_alphaR =  0.10455 +/- 0.0071820 L(0 - 40) 
