
   [Parameters]
sig_met_mean =  75.594 +/- 0.36147 C L(0 - 180) 
sig_met_sigmaL =  22.386 +/- 0.45363 C L(5 - 100) 
sig_met_sigmaR =  11.294 +/- 0.25514 C L(5 - 100) 
sig_met_alphaL =  0.10979 +/- 0.012764 C L(0 - 40) 
sig_met_alphaR =  0.10818 +/- 0.0067609 C L(0 - 40) 
WW_met_mean1 =  21.475 +/- 25.176 L(0 - 180) 
WW_met_mean2 =  45.391 +/- 26.550 L(30 - 180) 
WW_met_sigma1 =  8.7768 +/- 7.4010 L(0 - 10) 
WW_met_sigma2 =  27.184 +/- 13.381 L(10 - 100) 
WW_met_f1 =  0.13855 +/- 0.32113 L(0 - 0.5) 
ttbar_met_mean =  0.10000 C L(-INF - +INF) 
ttbar_met_sigmaL =  0.10000 C L(-INF - +INF) 
ttbar_met_sigmaR =  0.10000 C L(-INF - +INF) 
ttbar_met_alphaL =  0.10000 C L(-INF - +INF) 
ttbar_met_alphaR =  0.10000 C L(-INF - +INF) 
Z_met_mean =  0.10000 C L(-INF - +INF) 
Z_met_sigmaL =  0.10000 C L(-INF - +INF) 
Z_met_sigmaR =  0.10000 C L(-INF - +INF) 
Z_met_alphaL =  0.10000 C L(-INF - +INF) 
Z_met_alphaR =  0.10000 C L(-INF - +INF) 
other_met_mean =  0.10000 C L(-INF - +INF) 
other_met_sigmaL =  0.10000 C L(-INF - +INF) 
other_met_sigmaR =  0.10000 C L(-INF - +INF) 
other_met_alphaL =  0.10000 C L(-INF - +INF) 
other_met_alphaR =  0.10000 C L(-INF - +INF) 
Nj_0_p1 =  1.0000 C L(-2 - 2) 
Nj_0_p2 =  0.0000 C L(-2 - 2) 
Nj_1_p1 = -1.000000 C L(-2 - 2) 
Nj_1_p2 =  0.0000 C L(-2 - 2) 
N_WW = -89.3070 +/- 4.6801 L(-100 - 900000) 
eff_WW =  0.81807 +/- 0.13635 L(0 - 1) 
N_sig =  0.0000 +/- 85.901 C L(-1000 - 100000) 
eff_sig =  0.52134 +/- 0.0058152 C L(0 - 1) 
N_ttbar =  0.0000 +/- 50.000 C L(-500 - 10000) 
eff_ttbar =  0.16200 +/- 0.50000 C L(0 - 1) 
N_Z =  0.0000 +/- 50.000 C L(-500 - 10000) 
eff_Z =  0.16200 +/- 0.50000 C L(0 - 1) 
N_other =  0.0000 +/- 50.000 C L(-500 - 10000) 
eff_other =  0.69000 +/- 0.50000 C L(0 - 1) 

   [Observables]
