
   [Parameters]
sig_maxPt_mean =  40.819 +/- 0.16161 C L(10 - 50) 
sig_maxPt_sigmaL =  4.1476 +/- 1.1904 C L(3 - 50) 
sig_maxPt_sigmaR =  9.9636 +/- 0.30574 C L(3 - 50) 
sig_maxPt_alphaL =  0.081444 +/- 0.18198 C L(0 - 10) 
sig_maxPt_alphaR =  0.15032 +/- 0.0037191 C L(0 - 10) 
WW_maxPt_mean =  32.439 +/- 0.048888 L(10 - 50) 
WW_maxPt_sigmaL =  3.1088 +/- 0.032530 L(3 - 50) 
WW_maxPt_sigmaR =  11.270 +/- 0.080629 L(3 - 50) 
WW_maxPt_alphaL =  0.000000024864 +/- 0.0012021 L(0 - 10) 
WW_maxPt_alphaR =  0.10930 +/- 0.0019199 L(0 - 10) 
ttbar_maxPt_mean =  20.000 C L(10 - 50) 
ttbar_maxPt_sigmaL =  10.000 C L(3 - 50) 
ttbar_maxPt_sigmaR =  10.000 C L(3 - 50) 
ttbar_maxPt_alphaL =  0.30000 C L(0 - 10) 
ttbar_maxPt_alphaR =  0.30000 C L(0 - 10) 
Z_maxPt_mean =  0.10000 C L(-2 - 2) 
Z_maxPt_sigmaL =  0.10000 C L(-2 - 2) 
Z_maxPt_sigmaR =  0.10000 C L(-2 - 2) 
Z_maxPt_alphaL =  0.10000 C L(-2 - 2) 
Z_maxPt_alphaR =  0.10000 C L(-2 - 2) 
other_maxPt_mean =  20.000 C L(10 - 50) 
other_maxPt_sigmaL =  10.000 C L(3 - 50) 
other_maxPt_sigmaR =  10.000 C L(3 - 50) 
other_maxPt_alphaL =  0.30000 C L(0 - 10) 
other_maxPt_alphaR =  0.30000 C L(0 - 10) 
sig_met_mean =  75.594 +/- 0.36147 C L(0 - 180) 
sig_met_sigmaL =  22.386 +/- 0.45363 C L(5 - 100) 
sig_met_sigmaR =  11.294 +/- 0.25514 C L(5 - 100) 
sig_met_alphaL =  0.10979 +/- 0.012764 C L(0 - 40) 
sig_met_alphaR =  0.10818 +/- 0.0067609 C L(0 - 40) 
WW_met_mean1 =  21.476 +/- 0.62655 C L(0 - 50) 
WW_met_mean2 =  57.426 +/- 0.13393 L(30 - 180) 
WW_met_sigma1 =  9.8601 +/- 9.8770 L(0 - 10) 
WW_met_sigma2 =  17.179 +/- 0.095935 L(10 - 100) 
WW_met_f1 =  0.00000000000254 +/- 0.020809 L(0 - 1) 
ttbar_met_mean =  0.10000 C L(-INF - +INF) 
ttbar_met_sigmaL =  0.10000 C L(-INF - +INF) 
ttbar_met_sigmaR =  0.10000 C L(-INF - +INF) 
ttbar_met_alphaL =  0.10000 C L(-INF - +INF) 
ttbar_met_alphaR =  0.10000 C L(-INF - +INF) 
Z_met_mean =  0.10000 C L(-INF - +INF) 
Z_met_sigmaL =  0.10000 C L(-INF - +INF) 
Z_met_sigmaR =  0.10000 C L(-INF - +INF) 
Z_met_alphaL =  0.10000 C L(-INF - +INF) 
Z_met_alphaR =  0.10000 C L(-INF - +INF) 
other_met_mean =  0.10000 C L(-INF - +INF) 
other_met_sigmaL =  0.10000 C L(-INF - +INF) 
other_met_sigmaR =  0.10000 C L(-INF - +INF) 
other_met_alphaL =  0.10000 C L(-INF - +INF) 
other_met_alphaR =  0.10000 C L(-INF - +INF) 
Nj_0_p1 =  1.0000 C L(-2 - 2) 
Nj_0_p2 =  0.0000 C L(-2 - 2) 
Nj_1_p1 = -1.000000 C L(-2 - 2) 
Nj_1_p2 =  0.0000 C L(-2 - 2) 
N_WW =  821.00 +/- 6.3843 L(-100 - 900000) 
eff_WW =  0.86358 +/- 0.0026691 L(0 - 1) 
N_sig =  0.0000 +/- 85.901 C L(-1000 - 100000) 
eff_sig =  0.52134 +/- 0.0058152 C L(0 - 1) 
N_ttbar =  0.0000 +/- 50.000 C L(-500 - 10000) 
eff_ttbar =  0.16200 +/- 0.50000 C L(0 - 1) 
N_Z =  0.0000 +/- 50.000 C L(-500 - 10000) 
eff_Z =  0.16200 +/- 0.50000 C L(0 - 1) 
N_other =  0.0000 +/- 50.000 C L(-500 - 10000) 
eff_other =  0.69000 +/- 0.50000 C L(0 - 1) 

   [Observables]
