
   [Parameters]

WW_deltaPhi_mean =  179.54 +/- 0.14841 L(0 - 180) 
WW_deltaPhi_sigmaL =  58.395 +/- 1.0948 L(5 - 100) 
WW_deltaPhi_sigmaR =  6.1062 +/- 1.1646 L(5 - 100) 
WW_deltaPhi_alphaL =  0.24039 +/- 0.0090467 L(0 - 40) 
WW_deltaPhi_alphaR =  0.0026997 +/- 37.457 L(0 - 40) 

WW_maxPt_mean =  36.212 +/- 0.27504 L(10 - 50) 
WW_maxPt_sigmaL =  4.5869 +/- 0.15645 L(3 - 50) 
WW_maxPt_sigmaR =  21.533 +/- 0.27973 L(3 - 50) 
WW_maxPt_alphaL =  0.000000030483 +/- 0.0011395 L(0 - 10) 
WW_maxPt_alphaR =  0.094041 +/- 0.0034506 L(0 - 10) 

WW_mll_mean1 =  142.75 +/- 2.0628 L(0 - 150) 
WW_mll_mean2 =  84.069 +/- 0.88804 L(30 - 150) 
WW_mll_sigma1 =  17.431 +/- 2.7200 L(0 - 40) 
WW_mll_sigma2 =  30.446 +/- 0.56954 L(10 - 100) 
WW_mll_f1 =  0.10096 +/- 0.016472 L(0 - 1) 

WW_met_mean1 =  21.476 +/- 0.62655 C L(0 - 50) 
WW_met_mean2 =  39.861 +/- 0.47661 L(30 - 180) 
WW_met_sigma1 =  8.1566 +/- 0.45074 L(0 - 10) 
WW_met_sigma2 =  27.415 +/- 0.23630 L(10 - 100) 
WW_met_f1 =  0.10305 +/- 0.010323 L(0 - 1) 

sig_mll_mean =  37.548 +/- 0.53615 C L(10 - 50) 
sig_mll_sigmaL =  21.965 +/- 1.2917 C L(3 - 50) 
sig_mll_sigmaR =  23.621 +/- 0.35535 C L(3 - 50) 
sig_mll_alphaL =  0.000033048 +/- 0.077753 C L(0 - 10) 
sig_mll_alphaR =  0.000098503 +/- 0.0022561 C L(0 - 10) 
ttbar_mll_p1 =  1.0000 C L(-INF - +INF) 
ttbar_mll_p2 =  1.0000 C L(-INF - +INF) 
Z_mll_mean =  26.363 +/- 0.18507 C L(10 - 50) 
Z_mll_sigmaL =  9.9070 +/- 0.53376 C L(3 - 50) 
Z_mll_sigmaR =  9.5565 +/- 0.12204 C L(3 - 50) 
Z_mll_alphaL =  0.77715 +/- 0.11545 C L(0 - 10) 
Z_mll_alphaR =  0.12134 +/- 0.0027223 C L(0 - 10) 
other_mll_mean =  26.363 +/- 0.18507 C L(10 - 50) 
other_mll_sigmaL =  9.9070 +/- 0.53376 C L(3 - 50) 
other_mll_sigmaR =  9.5565 +/- 0.12204 C L(3 - 50) 
other_mll_alphaL =  0.77715 +/- 0.11545 C L(0 - 10) 
other_mll_alphaR =  0.12134 +/- 0.0027223 C L(0 - 10) 
Nj_0_p1 =  1.0000 C L(-2 - 2) 
Nj_0_p2 =  0.0000 C L(-2 - 2) 
Nj_1_p1 = -1.000000 C L(-2 - 2) 
Nj_1_p2 =  0.0000 C L(-2 - 2) 
N_WW =  19676 +/- 140.27 L(-100 - 900000) 
eff_WW =  0.79528 +/- 0.0028765 L(0 - 1) 
N_sig =  0.0000 +/- 85.901 C L(-1000 - 100000) 
eff_sig =  0.52134 +/- 0.0058152 C L(0 - 1) 
N_ttbar =  0.0000 +/- 50.000 C L(-500 - 10000) 
eff_ttbar =  0.16200 +/- 0.50000 C L(0 - 1) 
N_Z =  0.0000 +/- 50.000 C L(-500 - 10000) 
eff_Z =  0.16200 +/- 0.50000 C L(0 - 1) 
N_other =  0.0000 +/- 50.000 C L(-500 - 10000) 
eff_other =  0.69000 +/- 0.50000 C L(0 - 1) 

   [Observables]

jetcat = 0  C L(-1 - 1)
met   = 10 C L(0 - 200)
deltaPhi = 10 C L(0 - 180)
maxPtEle = 20 C L(20 - 200)
eleInvMass = 10 C L(12 - 150)
bTagImpPar = 0 C L(-1001 - 10)
weight = 1 C L(-100 - 10000)   
