
   [Parameters]

WW_deltaPhi_mean =  179.57 +/- 0.039132 L(0 - 180)
WW_deltaPhi_sigmaL =  58.215 +/- 1.3019 L(5 - 100)
WW_deltaPhi_sigmaR =  6.2093 +/- 1.3933 L(5 - 100)
WW_deltaPhi_alphaL =  0.20789 +/- 0.014623 L(0 - 40)
WW_deltaPhi_alphaR =  39.461 +/- 8.9464 L(0 - 40)

WW_maxPt_mean =  37.538 +/- 0.31525 L(10 - 50)
WW_maxPt_sigmaL =  5.2429 +/- 0.18293 L(3 - 50)
WW_maxPt_sigmaR =  20.630 +/- 0.32565 L(3 - 50)
WW_maxPt_alphaL =  0.0000000016003 +/- 0.0015534 L(0 - 10)
WW_maxPt_alphaR =  0.089546 +/- 0.0043304 L(0 - 10)

WW_mll_mean1 =  74.356 +/- 1.0669 L(0 - 150)
WW_mll_mean2 =  99.686 +/- 1.4357 L(30 - 150)
WW_mll_sigma1 =  14.692 +/- 1.2640 L(0 - 40)
WW_mll_sigma2 =  41.562 +/- 1.1957 L(10 - 100)
WW_mll_f1 =  0.18294 +/- 0.026871 L(0 - 1)

WW_met_mean1 =  21.475 +/- 25.176 L(0 - 180) 
WW_met_mean2 =  45.391 +/- 26.550 L(30 - 180) 
WW_met_sigma1 =  8.7768 +/- 7.4010 L(0 - 10) 
WW_met_sigma2 =  27.184 +/- 13.381 L(10 - 100) 
WW_met_f1 =  0.13855 +/- 0.32113 L(0 - 0.5) 

ttbar_met_mean =  0.10000 C L(-INF - +INF) 
ttbar_met_sigmaL =  0.10000 C L(-INF - +INF) 
ttbar_met_sigmaR =  0.10000 C L(-INF - +INF) 
ttbar_met_alphaL =  0.10000 C L(-INF - +INF) 
ttbar_met_alphaR =  0.10000 C L(-INF - +INF) 
Z_met_mean =  0.10000 C L(-INF - +INF) 
Z_met_sigmaL =  0.10000 C L(-INF - +INF) 
Z_met_sigmaR =  0.10000 C L(-INF - +INF) 
Z_met_alphaL =  0.10000 C L(-INF - +INF) 
Z_met_alphaR =  0.10000 C L(-INF - +INF) 
other_met_mean =  0.10000 C L(-INF - +INF) 
other_met_sigmaL =  0.10000 C L(-INF - +INF) 
other_met_sigmaR =  0.10000 C L(-INF - +INF) 
other_met_alphaL =  0.10000 C L(-INF - +INF) 
other_met_alphaR =  0.10000 C L(-INF - +INF) 
Nj_0_p1 =  1.0000 C L(-2 - 2) 
Nj_0_p2 =  0.0000 C L(-2 - 2) 
Nj_1_p1 = -1.000000 C L(-2 - 2) 
Nj_1_p2 =  0.0000 C L(-2 - 2) 
N_WW = -89.3070 +/- 4.6801 L(-100 - 900000) 
eff_WW =  0.81807 +/- 0.13635 L(0 - 1) 
N_sig =  0.0000 +/- 85.901 C L(-1000 - 100000) 
eff_sig =  0.52134 +/- 0.0058152 C L(0 - 1) 
N_ttbar =  0.0000 +/- 50.000 C L(-500 - 10000) 
eff_ttbar =  0.16200 +/- 0.50000 C L(0 - 1) 
N_Z =  0.0000 +/- 50.000 C L(-500 - 10000) 
eff_Z =  0.16200 +/- 0.50000 C L(0 - 1) 
N_other =  0.0000 +/- 50.000 C L(-500 - 10000) 
eff_other =  0.69000 +/- 0.50000 C L(0 - 1) 

   [Observables]
