
   [Parameters]
sig_met_mean =  75.594 +/- 0.36147 C L(0 - 180) 
sig_met_sigmaL =  22.386 +/- 0.45363 C L(5 - 100) 
sig_met_sigmaR =  11.294 +/- 0.25514 C L(5 - 100) 
sig_met_alphaL =  0.10979 +/- 0.012764 C L(0 - 40) 
sig_met_alphaR =  0.10818 +/- 0.0067609 C L(0 - 40) 
WW_met_mean1 =  21.476 +/- 0.62655 C L(0 - 180) 
WW_met_mean2 =  45.392 +/- 0.68290 C L(30 - 180) 
WW_met_sigma1 =  8.7755 +/- 0.57691 C L(0 - 10) 
WW_met_sigma2 =  27.184 +/- 0.33023 C L(10 - 100) 
WW_met_f1 =  0.13856 +/- 0.015111 C L(0 - 0.5) 
ttbar_met_mean =  53.665 +/- 1.9981 C L(0 - 180) 
ttbar_met_sigmaL =  13.979 +/- 0.75975 C L(5 - 100) 
ttbar_met_sigmaR =  32.691 +/- 1.1432 C L(5 - 100) 
ttbar_met_alphaL =  0.49519 +/- 0.10762 C L(0 - 40) 
ttbar_met_alphaR =  0.039608 +/- 0.030786 C L(0 - 40) 
Z_met_mean =  6.3218 +/- 0.15706 L(0 - 110) 
Z_met_sigmaL =  3.0506 +/- 0.11406 L(3 - 50) 
Z_met_sigmaR =  9.1320 +/- 0.12183 L(3 - 50) 
Z_met_alphaL =  0.0000000069176 +/- 0.0026527 L(0 - 10) 
Z_met_alphaR =  0.073884 +/- 0.0031256 L(0 - 10) 
other_met_mean =  0.10000 C L(-INF - +INF) 
other_met_sigmaL =  0.10000 C L(-INF - +INF) 
other_met_sigmaR =  0.10000 C L(-INF - +INF) 
other_met_alphaL =  0.10000 C L(-INF - +INF) 
other_met_alphaR =  0.10000 C L(-INF - +INF) 
Nj_0_p1 =  1.0000 C L(-2 - 2) 
Nj_0_p2 =  0.0000 C L(-2 - 2) 
Nj_1_p1 = -1.000000 C L(-2 - 2) 
Nj_1_p2 =  0.0000 C L(-2 - 2) 
N_Z =  28570 +/- 169.03 L(-100 - 900000) 
eff_Z =  0.84591 +/- 0.0021360 L(0 - 1) 
N_sig =  0.0000 +/- 85.901 C L(-100 - 900000) 
eff_sig =  0.27923 +/- 0.24210 C L(0 - 1) 
N_WW =  0.0000 +/- 62.073 C L(-100 - 900000) 
eff_WW =  0.74386 +/- 0.0070317 C L(0 - 1) 
N_ttbar =  0.0000 +/- 89.756 C L(-500 - 10000) 
eff_ttbar =  0.043071 +/- 0.0022617 C L(0 - 1) 
N_other =  0.0000 +/- 50.000 C L(-500 - 10000) 
eff_other =  0.69000 +/- 0.50000 C L(0 - 1) 

   [Observables]
