
   [Parameters]
sig_deltaPhi_mean =  35.834 +/- 4.9572 L(0 - 180) 
sig_deltaPhi_sigmaL =  91.187 +/- 21.351 L(5 - 100) 
sig_deltaPhi_sigmaR =  61.811 +/- 3.2421 L(5 - 100) 
sig_deltaPhi_alphaL =  39.940 +/- 23.932 L(0 - 40) 
sig_deltaPhi_alphaR =  0.000010039 +/- 0.0047745 L(0 - 40) 
WW_deltaPhi_mean =  0.10000 C L(-INF - +INF) 
WW_deltaPhi_sigmaL =  0.10000 C L(-INF - +INF) 
WW_deltaPhi_sigmaR =  0.10000 C L(-INF - +INF) 
WW_deltaPhi_alphaL =  0.10000 C L(-INF - +INF) 
WW_deltaPhi_alphaR =  0.10000 C L(-INF - +INF) 
ttbar_deltaPhi_p1 =  0.0000 C L(-100 - 100) 
ttbar_deltaPhi_p2 =  0.0000 C L(-100 - 100) 
Z_deltaPhi_mean =  0.10000 C L(-INF - +INF) 
Z_deltaPhi_sigmaL =  0.10000 C L(-INF - +INF) 
Z_deltaPhi_sigmaR =  0.10000 C L(-INF - +INF) 
Z_deltaPhi_alphaL =  0.10000 C L(-INF - +INF) 
Z_deltaPhi_alphaR =  0.10000 C L(-INF - +INF) 
other_deltaPhi_mean =  100.00 C L(0 - 180) 
other_deltaPhi_sigmaL =  0.10000 C L(-INF - +INF) 
other_deltaPhi_sigmaR =  0.10000 C L(-INF - +INF) 
other_deltaPhi_alphaL =  0.10000 C L(-INF - +INF) 
other_deltaPhi_alphaR =  0.10000 C L(-INF - +INF) 
sig_maxPt_mean =  32.840 +/- 1.3396 L(10 - 50) 
sig_maxPt_sigmaL =  14.793 +/- 3.0360 L(3 - 50) 
sig_maxPt_sigmaR =  15.464 +/- 0.72112 L(3 - 50) 
sig_maxPt_alphaL =  0.00012231 +/- 0.37042 L(0 - 10) 
sig_maxPt_alphaR =  0.10671 +/- 0.0068830 L(0 - 10) 
WW_maxPt_mean =  20.000 C L(10 - 50) 
WW_maxPt_sigmaL =  10.000 C L(3 - 50) 
WW_maxPt_sigmaR =  10.000 C L(3 - 50) 
WW_maxPt_alphaL =  0.30000 C L(0 - 10) 
WW_maxPt_alphaR =  0.30000 C L(0 - 10) 
ttbar_maxPt_mean =  20.000 C L(10 - 50) 
ttbar_maxPt_sigmaL =  10.000 C L(3 - 50) 
ttbar_maxPt_sigmaR =  10.000 C L(3 - 50) 
ttbar_maxPt_alphaL =  0.30000 C L(0 - 10) 
ttbar_maxPt_alphaR =  0.30000 C L(0 - 10) 
Z_maxPt_mean =  0.10000 C L(-2 - 2) 
Z_maxPt_sigmaL =  0.10000 C L(-2 - 2) 
Z_maxPt_sigmaR =  0.10000 C L(-2 - 2) 
Z_maxPt_alphaL =  0.10000 C L(-2 - 2) 
Z_maxPt_alphaR =  0.10000 C L(-2 - 2) 
other_maxPt_mean =  20.000 C L(10 - 50) 
other_maxPt_sigmaL =  10.000 C L(3 - 50) 
other_maxPt_sigmaR =  10.000 C L(3 - 50) 
other_maxPt_alphaL =  0.30000 C L(0 - 10) 
other_maxPt_alphaR =  0.30000 C L(0 - 10) 
sig_met_mean =  67.269 +/- 0.80841 L(0 - 180) 
sig_met_sigmaL =  18.006 +/- 0.48868 L(5 - 100) 
sig_met_sigmaR =  14.522 +/- 0.58605 L(5 - 100) 
sig_met_alphaL =  0.000000073158 +/- 0.00098941 L(0 - 40) 
sig_met_alphaR =  0.12276 +/- 0.0069165 L(0 - 40) 
WW_met_mean1 =  0.0000 C L(-INF - +INF) 
WW_met_mean2 =  0.0000 C L(-INF - +INF) 
WW_met_sigma1 =  1.0000 C L(-INF - +INF) 
WW_met_sigma2 =  1.0000 C L(-INF - +INF) 
WW_met_f1 =  0.50000 C L(-INF - +INF) 
ttbar_met_mean =  0.10000 C L(-INF - +INF) 
ttbar_met_sigmaL =  0.10000 C L(-INF - +INF) 
ttbar_met_sigmaR =  0.10000 C L(-INF - +INF) 
ttbar_met_alphaL =  0.10000 C L(-INF - +INF) 
ttbar_met_alphaR =  0.10000 C L(-INF - +INF) 
Z_met_mean =  0.10000 C L(-INF - +INF) 
Z_met_sigmaL =  0.10000 C L(-INF - +INF) 
Z_met_sigmaR =  0.10000 C L(-INF - +INF) 
Z_met_alphaL =  0.10000 C L(-INF - +INF) 
Z_met_alphaR =  0.10000 C L(-INF - +INF) 
other_met_mean =  0.10000 C L(-INF - +INF) 
other_met_sigmaL =  0.10000 C L(-INF - +INF) 
other_met_sigmaR =  0.10000 C L(-INF - +INF) 
other_met_alphaL =  0.10000 C L(-INF - +INF) 
other_met_alphaR =  0.10000 C L(-INF - +INF) 
Nj_0_p1 =  1.0000 C L(-2 - 2) 
Nj_0_p2 =  0.0000 C L(-2 - 2) 
Nj_1_p1 = -1.000000 C L(-2 - 2) 
Nj_1_p2 =  0.0000 C L(-2 - 2) 
N_sig =  5465.6 +/- 73.927 L(-1000 - 100000) 
eff_sig =  0.70303 +/- 0.0061797 L(0 - 1) 
N_WW =  0.0000 +/- 220.00 C L(-100 - 900000) 
eff_WW =  0.60246 +/- 0.0022246 C L(0 - 1) 
N_ttbar =  0.0000 +/- 50.000 C L(-500 - 10000) 
eff_ttbar =  0.16200 +/- 0.50000 C L(0 - 1) 
N_Z =  0.0000 +/- 50.000 C L(-500 - 10000) 
eff_Z =  0.16200 +/- 0.50000 C L(0 - 1) 
N_other =  0.0000 +/- 50.000 C L(-500 - 10000) 
eff_other =  0.69000 +/- 0.50000 C L(0 - 1) 

   [Observables]
