
   [Parameters]

WW_deltaPhi_mean =  179.58 +/- 0.37139 L(0 - 180) 
WW_deltaPhi_sigmaL =  44.478 +/- 0.55991 L(5 - 100) 
WW_deltaPhi_sigmaR =  6.5494 +/- 87.039 L(5 - 100) 
WW_deltaPhi_alphaL =  0.30744 +/- 0.0052588 L(0 - 40) 
WW_deltaPhi_alphaR =  37.697 +/- 4.2195 L(0 - 40) 

WW_maxPt_mean =  29.204 +/- 0.040224 L(10 - 50) 
WW_maxPt_sigmaL =  3.0000 +/- 0.0010943 L(3 - 50) 
WW_maxPt_sigmaR =  21.893 +/- 0.15264 L(3 - 50) 
WW_maxPt_alphaL =  0.00000000067742 +/- 0.00019859 L(0 - 10) 
WW_maxPt_alphaR =  0.17433 +/- 0.0017305 L(0 - 10) 

sig_met_mean =  75.594 +/- 0.36147 C L(0 - 180) 
sig_met_sigmaL =  22.386 +/- 0.45363 C L(5 - 100) 
sig_met_sigmaR =  11.294 +/- 0.25514 C L(5 - 100) 
sig_met_alphaL =  0.10979 +/- 0.012764 C L(0 - 40) 
sig_met_alphaR =  0.10818 +/- 0.0067609 C L(0 - 40) 
WW_met_mean1 =  26.544 +/- 0.37961 L(0 - 50) 
WW_met_mean2 =  42.561 +/- 0.31598 L(30 - 180) 
WW_met_sigma1 =  10.0000 +/- 0.019801 L(0 - 10) 
WW_met_sigma2 =  29.613 +/- 0.18613 L(10 - 100) 
WW_met_f1 =  0.15271 +/- 0.0055040 L(0 - 1) 
ttbar_met_mean =  0.10000 C L(-INF - +INF) 
ttbar_met_sigmaL =  0.10000 C L(-INF - +INF) 
ttbar_met_sigmaR =  0.10000 C L(-INF - +INF) 
ttbar_met_alphaL =  0.10000 C L(-INF - +INF) 
ttbar_met_alphaR =  0.10000 C L(-INF - +INF) 
Z_met_mean =  0.10000 C L(-INF - +INF) 
Z_met_sigmaL =  0.10000 C L(-INF - +INF) 
Z_met_sigmaR =  0.10000 C L(-INF - +INF) 
Z_met_alphaL =  0.10000 C L(-INF - +INF) 
Z_met_alphaR =  0.10000 C L(-INF - +INF) 
other_met_mean =  0.10000 C L(-INF - +INF) 
other_met_sigmaL =  0.10000 C L(-INF - +INF) 
other_met_sigmaR =  0.10000 C L(-INF - +INF) 
other_met_alphaL =  0.10000 C L(-INF - +INF) 
other_met_alphaR =  0.10000 C L(-INF - +INF) 
Nj_0_p1 =  1.0000 C L(-2 - 2) 
Nj_0_p2 =  0.0000 C L(-2 - 2) 
Nj_1_p1 = -1.000000 C L(-2 - 2) 
Nj_1_p2 =  0.0000 C L(-2 - 2) 
N_WW =  52645 +/- 229.45 L(-100 - 900000) 
eff_WW =  0.78161 +/- 0.0018007 L(0 - 1) 
N_sig =  0.0000 +/- 85.901 C L(-1000 - 100000) 
eff_sig =  0.52134 +/- 0.0058152 C L(0 - 1) 
N_ttbar =  0.0000 +/- 50.000 C L(-500 - 10000) 
eff_ttbar =  0.16200 +/- 0.50000 C L(0 - 1) 
N_Z =  0.0000 +/- 50.000 C L(-500 - 10000) 
eff_Z =  0.16200 +/- 0.50000 C L(0 - 1) 
N_other =  0.0000 +/- 50.000 C L(-500 - 10000) 
eff_other =  0.69000 +/- 0.50000 C L(0 - 1) 

   [Observables]

jetcat = 0  C L(-1 - 1)
met   = 10 C L(0 - 200)
deltaPhi = 10 C L(0 - 180)
maxPtEle = 20 C L(20 - 200)
eleInvMass = 10 C L(12 - 150)
bTagImpPar = 0 C L(-1001 - 10)
weight = 1 C L(-100 - 10000)   
