
   [Parameters]
other_deltaPhi_mean =  300.00 +/- 12.998 L(0 - 300) 
other_deltaPhi_sigmaL =  17.903 +/- 0.22912 C L(5 - 100) 
other_deltaPhi_sigmaR =  0.010000 +/- 1.6127 C L(0 - 1) 
other_deltaPhi_alphaL =  0.092957 +/- 0.0018180 L(0 - 40) 
other_deltaPhi_alphaR =  0.10000 +/- 0.054471 C L(0 - 40) 
sig_maxPt_mean =  40.819 +/- 0.16161 C L(10 - 50) 
sig_maxPt_sigmaL =  4.1476 +/- 1.1904 C L(3 - 50) 
sig_maxPt_sigmaR =  9.9636 +/- 0.30574 C L(3 - 50) 
sig_maxPt_alphaL =  0.081444 +/- 0.18198 C L(0 - 10) 
sig_maxPt_alphaR =  0.15032 +/- 0.0037191 C L(0 - 10) 
WW_maxPt_mean =  36.923 +/- 0.35784 C L(10 - 50) 
WW_maxPt_sigmaL =  4.8803 +/- 0.19923 C L(3 - 50) 
WW_maxPt_sigmaR =  21.172 +/- 0.35507 C L(3 - 50) 
WW_maxPt_alphaL =  0.000048904 +/- 0.0021567 C L(0 - 10) 
WW_maxPt_alphaR =  0.084935 +/- 0.0044860 C L(0 - 10) 
ttbar_maxPt_mean =  48.262 +/- 1.5989 C L(10 - 50) 
ttbar_maxPt_sigmaL =  3.0002 +/- 5.6811 C L(3 - 50) 
ttbar_maxPt_sigmaR =  29.368 +/- 2.8968 C L(3 - 50) 
ttbar_maxPt_alphaL =  0.50155 +/- 0.14987 C L(0 - 10) 
ttbar_maxPt_alphaR =  0.0000000090046 +/- 0.080818 C L(0 - 10) 
Z_maxPt_mean =  44.558 +/- 0.11253 C L(10 - 50) 
Z_maxPt_sigmaL =  7.4291 +/- 0.072403 C L(3 - 50) 
Z_maxPt_sigmaR =  7.6516 +/- 0.094200 C L(3 - 50) 
Z_maxPt_alphaL =  0.000000015358 +/- 0.0010500 C L(0 - 10) 
Z_maxPt_alphaR =  0.13545 +/- 0.0017970 C L(0 - 10) 
other_maxPt_mean =  29.023 +/- 0.076736 L(10 - 50) 
other_maxPt_sigmaL =  3.0000 +/- 0.0046266 L(3 - 50) 
other_maxPt_sigmaR =  16.059 +/- 0.18163 L(3 - 50) 
other_maxPt_alphaL =  0.00000000029278 +/- 0.00083756 L(0 - 10) 
other_maxPt_alphaR =  0.16131 +/- 0.0025630 L(0 - 10) 
sig_met_mean =  75.594 +/- 0.36147 C L(0 - 180) 
sig_met_sigmaL =  22.386 +/- 0.45363 C L(5 - 100) 
sig_met_sigmaR =  11.294 +/- 0.25514 C L(5 - 100) 
sig_met_alphaL =  0.10979 +/- 0.012764 C L(0 - 40) 
sig_met_alphaR =  0.10818 +/- 0.0067609 C L(0 - 40) 
WW_met_mean1 =  21.476 +/- 0.62655 C L(0 - 180) 
WW_met_mean2 =  45.392 +/- 0.68290 C L(30 - 180) 
WW_met_sigma1 =  8.7755 +/- 0.57691 C L(0 - 10) 
WW_met_sigma2 =  27.184 +/- 0.33023 C L(10 - 100) 
WW_met_f1 =  0.13856 +/- 0.015111 C L(0 - 0.5) 
ttbar_met_mean =  53.665 +/- 1.9981 C L(0 - 180) 
ttbar_met_sigmaL =  13.979 +/- 0.75975 C L(5 - 100) 
ttbar_met_sigmaR =  32.691 +/- 1.1432 C L(5 - 100) 
ttbar_met_alphaL =  0.49519 +/- 0.10762 C L(0 - 40) 
ttbar_met_alphaR =  0.039608 +/- 0.030786 C L(0 - 40) 
Z_met_mean =  6.3218 +/- 0.15706 C L(0 - 110) 
Z_met_sigmaL =  3.0506 +/- 0.11406 C L(3 - 50) 
Z_met_sigmaR =  9.1320 +/- 0.12183 C L(3 - 50) 
Z_met_alphaL =  0.0000000069176 +/- 0.0026527 C L(0 - 10) 
Z_met_alphaR =  0.073884 +/- 0.0031256 C L(0 - 10) 
other_met_mean =  29.543 +/- 1.1377 L(0 - 110) 
other_met_sigmaL =  3.6060 +/- 39.422 L(3 - 50) 
other_met_sigmaR =  14.546 +/- 1.2170 L(3 - 50) 
other_met_alphaL =  1.2649 +/- 0.74588 L(0 - 10) 
other_met_alphaR =  0.15399 +/- 0.0079921 L(0 - 10) 
Nj_0_p1 =  1.0000 C L(-2 - 2) 
Nj_0_p2 =  0.0000 C L(-2 - 2) 
Nj_1_p1 = -1.000000 C L(-2 - 2) 
Nj_1_p2 =  0.0000 C L(-2 - 2) 
N_other =  1576.0 +/- 16.930 L(-500 - 1e+06) 
eff_other =  0.79595 +/- 0.0042772 L(0 - 1) 
N_sig =  0.0000 +/- 85.901 C L(-100 - 900000) 
eff_sig =  0.27923 +/- 0.24210 C L(0 - 1) 
N_WW =  0.0000 +/- 62.073 C L(-100 - 900000) 
eff_WW =  0.74386 +/- 0.0070317 C L(0 - 1) 
N_Z =  0.0000 C L(-INF - +INF) 
eff_Z =  0.0000 C L(-INF - +INF) 
N_ttbar =  0.0000 +/- 50.000 C L(-500 - 10000) 
eff_ttbar =  0.16200 +/- 0.50000 C L(0 - 1) 

   [Observables]

jetcat = 0  C L(-1 - 1)
met   = 10 C L(0 - 200)
deltaPhi = 10 C L(0 - 180)
maxPtEle = 20 C L(20 - 200)
eleInvMass = 10 C L(12 - 150)
bTagImpPar = 0 C L(-1001 - 10)
weight = 1 C L(-100 - 10000)   
