
   [Parameters]

Z_deltaPhi_mean =  220.00 +/- 2.1609 C L(0 - 300) 
Z_deltaPhi_sigmaL =  18.300 +/- 0.19573 L(5 - 100) 
Z_deltaPhi_sigmaR =  0.010000 +/- 1.6127 C L(0 - 1) 
Z_deltaPhi_alphaL =  0.11293 +/- 0.00048579 L(0 - 40) 
Z_deltaPhi_alphaR =  0.10000 +/- 0.054471 C L(0 - 40) 

Z_maxPt_mean =  44.477 +/- 0.095273 L(10 - 50) 
Z_maxPt_sigmaL =  7.5193 +/- 0.061092 L(3 - 50) 
Z_maxPt_sigmaR =  7.8618 +/- 0.079774 L(3 - 50) 
Z_maxPt_alphaL =  0.00000000010094 +/- 0.00058930 L(0 - 10) 
Z_maxPt_alphaR =  0.14534 +/- 0.0013832 L(0 - 10) 

Z_met_mean =  4.9459 +/- 0.035661 L(0 - 110) 
Z_met_sigmaL =  3.0000 +/- 0.0016760 L(3 - 50) 
Z_met_sigmaR =  6.8733 +/- 0.048392 L(3 - 50) 
Z_met_alphaL =  0.00000000042377 +/- 0.00077224 L(0 - 10) 
Z_met_alphaR =  0.12350 +/- 0.0011257 L(0 - 10) 

Z_mll_mean =  91.356 +/- 0.028774 L(80 - 110) 
Z_mll_sigmaL =  2.5874 +/- 0.025357 L(0.5 - 50) 
Z_mll_sigmaR =  1.7898 +/- 0.021012 L(0.5 - 50) 
Z_mll_alphaL =  0.16472 +/- 0.00095698 L(0 - 10) 
Z_mll_alphaR =  0.17550 +/- 0.0010393 L(0 - 10) 

Nj_0_p1 =  1.0000 C L(-2 - 2) 
Nj_0_p2 =  0.0000 C L(-2 - 2) 
Nj_1_p1 = -1.000000 C L(-2 - 2) 
Nj_1_p2 =  0.0000 C L(-2 - 2) 

N_Z =  43485 +/- 208.53 L(-100 - 900000) 
eff_Z =  0.81627 +/- 0.0018570 L(0 - 1) 
N_sig =  0.0000 +/- 85.901 C L(-100 - 900000) 
eff_sig =  0.27923 +/- 0.24210 C L(0 - 1) 
N_WW =  0.0000 +/- 62.073 C L(-100 - 900000) 
eff_WW =  0.74386 +/- 0.0070317 C L(0 - 1) 
N_ttbar =  0.0000 +/- 89.756 C L(-500 - 10000) 
eff_ttbar =  0.043071 +/- 0.0022617 C L(0 - 1) 
N_other =  0.0000 +/- 50.000 C L(-500 - 10000) 
eff_other =  0.69000 +/- 0.50000 C L(0 - 1) 

   [Observables]

jetCat = 0  C L(-2 - 2)
MET   = 10 C L(30 - 200)
deltaPhi = 10 L(0 - 180)
minPt = 20 L(10 - 200)
dxyEVT = 0.1 L(0 - 5000)
dszEVT = 0.1 L(0 - 5000)
weight = 1 L(0 - 100)   
