
   [Parameters]
sig_deltaPhi_mean =  29.438 +/- 3.5792 L(0 - 180) 
sig_deltaPhi_sigmaL =  5.8798 +/- 57.015 L(5 - 100) 
sig_deltaPhi_sigmaR =  51.694 +/- 2.5054 L(5 - 100) 
sig_deltaPhi_alphaL =  3.3136 +/- 0.85070 L(0 - 40) 
sig_deltaPhi_alphaR =  0.10264 +/- 0.030236 L(0 - 40) 

sig_maxPt_mean =  32.166 +/- 0.0016517 L(10 - 50) 
sig_maxPt_sigmaL =  4.6086 +/- 0.41127 L(3 - 50) 
sig_maxPt_sigmaR =  11.638 +/- 0.24469 L(3 - 50) 
sig_maxPt_alphaL =  0.29737 +/- 0.089374 L(0 - 10) 
sig_maxPt_alphaR =  0.13124 +/- 0.0046734 L(0 - 10) 

sig_met_mean =  50.594 +/- 0.36147 C L(0 - 180) 
sig_met_sigmaL =  10.986 +/- 0.16686 L(5 - 100) 
sig_met_sigmaR =  10.176 +/- 0.23131 L(5 - 100) 
sig_met_alphaL =  0.00000000009538 +/- 0.0010440 L(0 - 40) 
sig_met_alphaR =  0.15846 +/- 0.0047350 L(0 - 40) 

Nj_0_p1 =  1.0000 C L(-2 - 2) 
Nj_0_p2 =  0.0000 C L(-2 - 2) 
Nj_1_p1 = -1.000000 C L(-2 - 2) 
Nj_1_p2 =  0.0000 C L(-2 - 2) 
N_sig =  3898.0 +/- 62.434 L(-1000 - 100000) 
eff_sig =  0.72910 +/- 0.0071180 L(0 - 1) 
N_WW =  0.0000 +/- 220.00 C L(-100 - 900000) 
eff_WW =  0.60246 +/- 0.0022246 C L(0 - 1) 
N_ttbar =  0.0000 +/- 50.000 C L(-500 - 10000) 
eff_ttbar =  0.16200 +/- 0.50000 C L(0 - 1) 
N_Z =  0.0000 +/- 50.000 C L(-500 - 10000) 
eff_Z =  0.16200 +/- 0.50000 C L(0 - 1) 
N_other =  0.0000 +/- 50.000 C L(-500 - 10000) 
eff_other =  0.69000 +/- 0.50000 C L(0 - 1) 

   [Observables]
