
   [Parameters]
sig_deltaPhi_mean =  5.7299 +/- 0.85752 L(0 - 180) 
sig_deltaPhi_sigmaL =  97.803 +/- 4.7602 L(5 - 100) 
sig_deltaPhi_sigmaR =  70.128 +/- 1.3876 L(5 - 100) 
sig_deltaPhi_alphaL =  14.719 +/- 16.232 L(0 - 40) 
sig_deltaPhi_alphaR =  0.000000011347 +/- 0.077654 L(0 - 40) 
WW_deltaPhi_mean =  0.10000 C L(-INF - +INF) 
WW_deltaPhi_sigmaL =  0.10000 C L(-INF - +INF) 
WW_deltaPhi_sigmaR =  0.10000 C L(-INF - +INF) 
WW_deltaPhi_alphaL =  0.10000 C L(-INF - +INF) 
WW_deltaPhi_alphaR =  0.10000 C L(-INF - +INF) 
ttbar_deltaPhi_p1 =  0.0000 C L(-100 - 100) 
ttbar_deltaPhi_p2 =  0.0000 C L(-100 - 100) 
Z_deltaPhi_mean =  0.10000 C L(-INF - +INF) 
Z_deltaPhi_sigmaL =  0.10000 C L(-INF - +INF) 
Z_deltaPhi_sigmaR =  0.10000 C L(-INF - +INF) 
Z_deltaPhi_alphaL =  0.10000 C L(-INF - +INF) 
Z_deltaPhi_alphaR =  0.10000 C L(-INF - +INF) 
other_deltaPhi_mean =  100.00 C L(0 - 180) 
other_deltaPhi_sigmaL =  0.10000 C L(-INF - +INF) 
other_deltaPhi_sigmaR =  0.10000 C L(-INF - +INF) 
other_deltaPhi_alphaL =  0.10000 C L(-INF - +INF) 
other_deltaPhi_alphaR =  0.10000 C L(-INF - +INF) 
sig_maxPt_mean =  10.000 +/- 1.2948 L(10 - 50) 
sig_maxPt_sigmaL =  49.342 +/- 10.501 L(3 - 50) 
sig_maxPt_sigmaR =  14.268 +/- 0.31222 L(3 - 50) 
sig_maxPt_alphaL =  0.25126 +/- 0.34967 L(0 - 10) 
sig_maxPt_alphaR =  0.12152 +/- 0.0037473 L(0 - 10) 
WW_maxPt_mean =  20.000 C L(10 - 50) 
WW_maxPt_sigmaL =  10.000 C L(3 - 50) 
WW_maxPt_sigmaR =  10.000 C L(3 - 50) 
WW_maxPt_alphaL =  0.30000 C L(0 - 10) 
WW_maxPt_alphaR =  0.30000 C L(0 - 10) 
ttbar_maxPt_mean =  20.000 C L(10 - 50) 
ttbar_maxPt_sigmaL =  10.000 C L(3 - 50) 
ttbar_maxPt_sigmaR =  10.000 C L(3 - 50) 
ttbar_maxPt_alphaL =  0.30000 C L(0 - 10) 
ttbar_maxPt_alphaR =  0.30000 C L(0 - 10) 
Z_maxPt_mean =  0.10000 C L(-2 - 2) 
Z_maxPt_sigmaL =  0.10000 C L(-2 - 2) 
Z_maxPt_sigmaR =  0.10000 C L(-2 - 2) 
Z_maxPt_alphaL =  0.10000 C L(-2 - 2) 
Z_maxPt_alphaR =  0.10000 C L(-2 - 2) 
other_maxPt_mean =  20.000 C L(10 - 50) 
other_maxPt_sigmaL =  10.000 C L(3 - 50) 
other_maxPt_sigmaR =  10.000 C L(3 - 50) 
other_maxPt_alphaL =  0.30000 C L(0 - 10) 
other_maxPt_alphaR =  0.30000 C L(0 - 10) 
sig_met_mean =  41.938 +/- 0.22836 L(0 - 180) 
sig_met_sigmaL =  6.3261 +/- 0.15952 L(5 - 100) 
sig_met_sigmaR =  13.205 +/- 0.28983 L(5 - 100) 
sig_met_alphaL =  0.00000000000025 +/- 0.0035925 L(0 - 40) 
sig_met_alphaR =  0.12896 +/- 0.0056779 L(0 - 40) 
WW_met_mean1 =  0.0000 C L(-INF - +INF) 
WW_met_mean2 =  0.0000 C L(-INF - +INF) 
WW_met_sigma1 =  1.0000 C L(-INF - +INF) 
WW_met_sigma2 =  1.0000 C L(-INF - +INF) 
WW_met_f1 =  0.50000 C L(-INF - +INF) 
ttbar_met_mean =  0.10000 C L(-INF - +INF) 
ttbar_met_sigmaL =  0.10000 C L(-INF - +INF) 
ttbar_met_sigmaR =  0.10000 C L(-INF - +INF) 
ttbar_met_alphaL =  0.10000 C L(-INF - +INF) 
ttbar_met_alphaR =  0.10000 C L(-INF - +INF) 
Z_met_mean =  0.10000 C L(-INF - +INF) 
Z_met_sigmaL =  0.10000 C L(-INF - +INF) 
Z_met_sigmaR =  0.10000 C L(-INF - +INF) 
Z_met_alphaL =  0.10000 C L(-INF - +INF) 
Z_met_alphaR =  0.10000 C L(-INF - +INF) 
other_met_mean =  0.10000 C L(-INF - +INF) 
other_met_sigmaL =  0.10000 C L(-INF - +INF) 
other_met_sigmaR =  0.10000 C L(-INF - +INF) 
other_met_alphaL =  0.10000 C L(-INF - +INF) 
other_met_alphaR =  0.10000 C L(-INF - +INF) 
Nj_0_p1 =  1.0000 C L(-2 - 2) 
Nj_0_p2 =  0.0000 C L(-2 - 2) 
Nj_1_p1 = -1.000000 C L(-2 - 2) 
Nj_1_p2 =  0.0000 C L(-2 - 2) 
N_sig =  1965.0 +/- 44.328 L(-1000 - 100000) 
eff_sig =  0.66667 +/- 0.010633 L(0 - 1) 
N_WW =  0.0000 +/- 220.00 C L(-100 - 900000) 
eff_WW =  0.60246 +/- 0.0022246 C L(0 - 1) 
N_ttbar =  0.0000 +/- 50.000 C L(-500 - 10000) 
eff_ttbar =  0.16200 +/- 0.50000 C L(0 - 1) 
N_Z =  0.0000 +/- 50.000 C L(-500 - 10000) 
eff_Z =  0.16200 +/- 0.50000 C L(0 - 1) 
N_other =  0.0000 +/- 50.000 C L(-500 - 10000) 
eff_other =  0.69000 +/- 0.50000 C L(0 - 1) 

   [Observables]
